0	1960	1961	1962	1963	1964	1965	1966	1967	1968	1969	1970	1971	1972	1973	1974	1975	1976	1977	1978	1979	1980	1981	1982	1983	1984	1985	1986	1987	1988	1989	1990	1991	1992	1993	1994	1995	1996	1997	1998	1999	2000	2001	2002	2003	2004	2005	2006	2007	2008	2009	2010
0	1	2	3	4	5	6	7	8	9	10	11	12	13	14	15	16	17	18	19	20	21	22	23	24	25	26	27	28	29	30	31	32	33	34	35	36	37	38	39	40	41	42	43	44	45	46	47	48	49	50	51
1	0	0	0	0	0	0	0	0	0	0	0	0	0	0	0	0	0	0	0	0	0	0	0	0	0	0	0	0	0	0	0	0	0	0	0	0	0	0	0	0	0	0	0	0	0	0	0	0	0	0	0
2	0	0	0	0	0	0	0	0	0	0	0	531.8346926	568.7843139	594.0090073	591.6663223	740.5861627	910.2558618	1070.164344	1100.260292	1066.29773	1143.26358	1124.391704	1099.513535	1075.332612	1022.828056	798.339076	1415.576551	1149.868309	989.4035846	1012.635989	521.9665218	395.2371043	439.5492722	522.1865725	590.0406424	654.8657127	902.4618349	693.1008809	733.3461728	1152.722746	1216.528379	1174.051416	1473.892299	1327.131256	1214.134005	1208.542874	965.2769572	1172.363641	1356.008068	1747.09801	1747.09801
3	0	0	0	0	0	0	0	0	0	0	0	140.5488918	149.5822894	165.6881829	177.5299973	202.8942712	227.419497	240.1540361	286.5287894	322.2108874	337.5117131	370.5813828	413.2735605	424.3172406	448.0925971	473.5206304	492.7151682	462.7225626	490.0721387	531.4150664	541.2427959	542.1402392	569.6971783	557.3814526	560.1582583	569.1443793	580.02168	585.543501	629.3116051	664.1746689	694.6721746	719.8323528	740.4144947	795.0563308	811.4570024	897.7011959	868.8620019	901.1518552	955.6167434	970.9824571	970.9824571
4	0	0	0	0	0	0	0	0	0	0	0	0	0	0	0	0	0	0	0	0	0	0	0	0	0	0	0	0	0	0	0	0	0	0	0	0	0	0	0	0	0	0	0	0	0	0	0	0	0	0	0
5	0	0	0	0	0	0	0	0	0	0	0	0	0	0	0	0	0	0	0	0	0	0	0	0	0	0	0	0	0	0	0	0	0	0	0	0	0	0	0	0	0	0	0	0	0	0	0	0	0	0	0
6	0	0	0	0	0	0	0	0	0	0	0	91.93522998	101.6233028	116.7316283	142.3983088	147.4970919	64.47491133	62.80411354	61.09791421	63.78179276	66.24406618	64.0233379	65.91978734	69.12646988	57.13211357	66.62576462	64.78914031	63.47515936	62.34897466	61.07892641	60.95760331	62.60844426	61.52917728	59.79730472	58.24766498	56.7529154	59.10352955	80.59575507	85.70385816	84.4461138	88.60885745	97.30165821	101.2056433	112.6463308	102.8985816	128.8129841	171.4248829	158.9695668	194.8113435	202.1545003	202.1545003
7	0	0	0	0	0	0	0	0	0	0	0	0	0	0	0	0	0	0	0	0	0	0	0	0	0	0	0	0	0	0	0	0	0	0	0	0	0	0	0	0	0	0	0	0	0	0	0	0	0	0	0
8	0	0	0	0	0	0	0	0	0	0	0	0	0	0	0	0	0	0	0	0	0	0	0	0	0	0	0	0	0	0	0	0	0	0	0	0	0	0	0	0	0	0	0	0	0	0	0	0	0	0	0
9	0	0	0	0	0	0	0	0	0	0	0	119.4270079	131.9685039	151.5244841	184.8398255	191.4893617	83.66704805	81.47632312	79.23608289	82.81845668	85.9434683	83.04625984	85.44979824	89.61886231	74.09865074	86.37873754	83.9758283	82.25020309	80.73303616	79.04642409	78.88565801	84.8859402	83.22348185	80.68625786	78.49745192	76.56112928	79.76412166	86.69339587	97.29091312	96.07081174	101.1904762	111.398259	116.3940913	127.5004793	138.8286334	158.3824768	173.1523202	215.8359442	215.8359442	215.8359442	215.8359442
10	0	0	0	0	0	0	0	0	0	0	0	870.2783533	920.1361585	955.9427018	985.8052618	1003.729821	1023.60211	1072.188937	1083.727023	1206.597563	1233.264039	1188.240377	1200.059584	1251.223641	1293.723495	1283.016804	1325.533777	1409.986678	1449.551248	1318.755145	1303.027512	1346.998462	1409.927477	1496.378895	1526.596823	1647.618315	1726.125909	1844.970768	1963.40675	2029.691063	2085.41894	2119.209538	2016.207199	2185.664888	2302.665846	2421.979229	2567.045538	2666.933143	2800.351652	2758.766496	2758.766496
11	0	0	0	0	0	0	0	0	0	0	0	0	0	0	0	0	0	0	0	0	0	0	0	0	0	0	0	0	0	0	2717.58219	2684.471268	1958.584787	1192.449619	1043.293806	1048.345838	1218.403088	1508.21287	1308.416806	1306.855832	1294.822207	1262.961501	1225.389709	1302.051851	1411.213696	1479.474252	1580.210591	1691.507429	1577.090871	1550.41574	1550.41574
12	0	0	0	0	0	0	0	0	0	0	0	0	0	0	0	0	0	0	0	0	0	0	0	0	0	0	0	0	0	0	0	0	0	0	0	0	0	0	0	0	0	0	0	0	0	0	0	0	0	0	0
13	1825.62565	1947.152533	2012.660585	2211.689498	2417.211427	2625.219529	2765.084542	2969.48894	3102.006828	3329.609394	3609.978412	3751.642576	3880.928891	4230.343797	4578.882169	4781.616641	4901.589111	5251.197858	5416.283605	5665.977677	5915.260005	6153.346285	6391.290025	6366.126619	6699.562532	7007.61518	7309.094541	7525.685721	7800.534714	8129.103625	8527.228085	8522.159222	8550.957416	8701.87355	8812.657519	8994.521912	9108.514008	9291.353891	9783.763562	10036.66913	10194.22545	10636.68676	10813.52982	10730.8222	10868.56723	11120.1875	11050.44473	11149.27038	11182.40807	11113.30785	11113.30785
14	1814.557064	1882.037534	2006.732118	2125.488009	2235.620236	2310.406616	2379.584018	2461.706187	2627.546862	2836.403034	3035.820092	3230.563003	3419.973369	3636.435853	3786.48863	3745.764955	4075.476695	4142.876042	4340.394545	4541.192053	4682.245465	4699.669531	4730.657513	4833.818856	5077.330508	5287.756453	5324.785195	5537.303579	5709.545754	5886.993212	6078.292989	6310.890807	6273.161685	6151.161861	6234.024901	6386.341269	6609.444409	6638.970001	6759.820061	6963.722163	7109.226715	7338.168003	7423.883945	7698.268004	7804.812409	7973.109203	8219.574366	8180.548642	8190.189046	7944.389156	7944.389156
15	0	0	0	0	0	0	0	0	0	0	0	0	0	0	0	0	0	0	0	0	0	0	0	0	0	0	0	0	0	0	2584.159799	2574.198872	2218.098076	2054.703135	2043.701461	1908.523097	1907.638799	1806.455729	2032.730949	2021.671051	2040.495623	2106.36138	2102.205721	2354.98024	2437.397728	2407.454852	2513.627712	2117.977463	2040.760435	1620.51603	1620.51603
16	0	0	0	0	0	0	0	0	0	0	0	0	0	0	0	0	0	0	0	0	0	0	0	0	0	0	0	0	0	0	0	0	0	0	0	0	0	0	0	0	0	0	0	0	0	0	0	0	0	0	0
17	0	0	0	0	0	0	0	0	0	0	0	1958.71217	1971.479267	2096.717379	2293.73352	2639.915523	3188.719021	3680.871737	3766.888059	4322.834184	4637.428518	4875.374254	5234.701721	5622.02535	5170.084159	5825.931993	6700.785665	6069.816337	6391.393904	6470.778983	6573.461475	6242.537277	7119.546812	7596.334825	8042.851196	8138.530307	8349.074818	8356.01515	8692.209405	8875.734925	8994.144405	9654.324446	10489.51049	11534.94323	11984.9351	11666.55399	11482.48111	11626.46249	9686.808399	9214.434608	9214.434608
18	0	0	0	0	0	0	0	0	0	0	0	10.4643655	10.37073948	15.11604897	16.93319438	17.15730806	17.50078202	18.49403543	21.70473769	21.20171039	18.87765448	22.52556163	25.45903892	29.00761198	31.91639743	32.95276805	37.27900235	38.68446542	41.714003	49.60965412	48.79530603	49.40207666	59.17865417	65.81712215	69.64252214	76.68936717	80.38110516	82.23393691	87.30534808	95.61777466	103.0462657	113.5249326	121.3482793	127.7590715	163.3516875	174.5526902	197.4029427	206.200742	228.6801537	251.6286711	251.6286711
19	0	0	0	0	0	0	0	0	0	0	0	14.50234431	14.12216357	18.74224079	20.12995452	20.58217055	21.78464115	23.18555638	25.89839054	27.29266325	26.02962488	28.67113284	31.84092125	35.07105131	39.48586733	43.9641529	45.48124846	51.69558177	59.13944468	62.8966956	66.86730317	70.00761873	73.73997828	74.78898069	77.9098749	84.36519214	87.84932241	89.05879172	94.93558942	104.5321373	112.0362017	121.3770771	128.0204668	132.9367889	142.4173666	147.8755502	156.5259901	154.5327189	154.5327189	154.5327189	154.5327189
20	0	0	0	0	0	0	0	0	0	0	0	0	0	0	0	0	0	0	0	0	0	0	0	0	0	0	0	0	0	0	4380.900972	4426.034923	3912.881754	3450.239281	3068.348489	2789.974495	2806.496063	2953.049323	3016.287615	3002.889885	2988.705647	2996.812504	2982.770781	3039.102307	3143.579422	3208.296912	3321.859748	3344.56813	3454.905228	3298.622068	3298.622068
21	1582.300691	1630.700415	1753.634194	1882.365615	2065.442511	2167.548688	2259.886411	2363.503191	2603.962461	2840.320399	3037.04088	3217.099142	3613.142445	3943.109468	4136.261261	3889.739663	4250.535114	4408.572592	4627.873856	4911.761716	4899.969534	4914.433618	4904.220779	5043.729708	5286.816198	5502.840333	5617.319002	5877.10233	6056.857201	6205.574562	6380.299777	6655.405068	6850.771528	6881.055085	7176.242635	7379.745087	7527.419514	7701.797466	7913.064785	7944.45531	8247.073742	8266.841645	8311.719733	8411.900657	8576.223497	8509.997073	8683.671285	8614.491281	8521.49674	7903.029252	7903.029252
22	0	0	0	0	0	0	0	0	0	0	0	0	0	0	0	0	0	0	0	0	0	0	0	0	0	0	0	0	0	0	0	0	0	0	0	0	0	0	0	0	0	0	0	0	0	0	0	0	0	0	0
23	0	0	0	0	0	0	0	0	0	0	0	11.00142915	12.11503223	19.09157041	17.37351678	18.54104012	19.93915184	23.0427296	49.01854944	25.5905954	28.52728843	32.89584555	18.10393548	37.77494352	33.51803842	34.53959445	32.20103222	32.02584028	37.60367154	35.22653254	36.45401337	38.30503659	40.52200962	40.8274206	41.10927814	43.70798747	46.54769808	50.26642038	47.11840107	54.66487273	61.21688113	64.71926642	71.77876574	67.82995505	73.66870844	77.15728965	77.87383346	82.71112013	89.51672934	91.26027652	91.26027652
24	0	0	0	0	0	0	0	0	0	0	0	0	0	3.042596349	0.989772352	1.286587327	1.253525541	1.52578578	1.485001485	2.311470673	2.808988764	4.093886463	1.85528757	5.404014411	15.24237881	5.822416303	6.126295947	5.952380952	4.445432318	4.309416074	4.379562044	4.632426989	4.855311711	4.868002247	9.396458258	5.766206535	7.958008805	9.695973706	12.60772423	11.15414407	12.61450668	9.594417793	8.857022353	10.87251971	10.64249113	13.59938993	15.625	15.72739187	15.72739187	15.72739187	15.72739187
25	0	0	0	0	0	0	0	0	0	0	0	0	0	0	0	0	0	0	0	0	0	0	0	0	0	0	0	0	0	0	0	0	0	0	0	0	0	0	0	0	0	0	0	0	0	0	0	0	0	0	0
26	0	0	0	0	0	0	0	0	0	0	0	175.9436832	184.1386783	183.4417374	191.2880247	199.1034464	209.3382063	226.4186298	237.7659077	247.6295584	264.1682651	277.0961566	275.7080786	264.1635361	262.2274481	254.142361	243.5838327	241.8244457	254.1066431	266.2705847	274.3876889	288.6774171	297.8133019	320.2486228	340.2138213	358.7239867	376.6879272	394.9088282	411.4794228	424.263915	421.4392059	419.7383678	432.6526581	439.4327484	449.0746157	477.4422999	507.9158366	540.3922039	539.171215	558.34992	558.34992
27	0	0	0	0	0	0	0	0	0	0	0	0	0	0	0	0	0	0	0	0	0	0	0	0	0	0	0	0	0	0	3043.500564	2213.357354	1196.78321	785.0700186	1016.455076	1102.308516	1282.643892	1537.014324	1904.154401	1906.738364	2061.890279	2072.367456	2082.95649	2221.419155	2311.338942	2379.793076	2374.399326	2372.299376	2457.232913	2867.014024	2867.014024
28	0	0	0	0	0	0	0	0	0	0	0	0	0	0	0	0	0	0	0	0	0	528.614401	564.6405978	562.8829727	577.5740492	600.269022	685.0604441	775.4304313	663.2614634	676.8340862	716.160857	794.4814797	861.4781381	856.5526611	893.0338189	867.1593814	891.7881584	954.5099239	1019.116094	999.8964228	905.6131519	1133.683283	1245.504266	1315.755683	1363.751948	1421.356494	1508.75504	1533.042116	1567.917693	1503.34885	1503.34885
29	0	0	0	0	0	0	0	0	0	0	0	455.4008872	494.2443601	549.3576549	599.2616567	645.4386122	715.4743166	783.1219212	852.7662578	933.6488755	1008.15973	1013.191979	1047.526507	1103.127991	1199.579041	1273.894476	1345.341628	1359.427313	1411.348155	1442.43598	1454.438359	1481.279075	1490.935856	1536.234253	1567.096987	1636.132266	1689.897376	1766.012281	1812.381324	1836.453694	1890.888739	1749.903966	1810.939817	1884.10069	1957.711366	2019.915761	2077.637353	2174.937817	2237.092819	2206.196528	2206.196528
30	0	0	0	0	0	0	0	0	0	0	0	0	0	0	0	0	0	0	0	0	0	0	0	0	0	0	0	0	0	0	0	0	0	0	0	0	0	0	0	0	0	0	0	0	0	0	0	0	0	0	0
31	0	0	0	0	0	0	0	0	0	0	0	1816.655217	1734.934138	1637.083066	1592.919174	1526.230084	1464.389001	1406.999676	1354.199719	1306.11085	1732.699419	2318.392581	2697.453068	3152.731241	3370.860368	3346.267975	3298.000781	4298.662063	4393.529301	4410.228793	4438.274665	4592.125911	4947.637503	5408.734888	5726.950355	6550.097716	6998.9367	7803.731877	7927.204243	7526.888448	7687.227094	6795.315061	6911.896014	8025.323206	8827.256049	8671.992686	8430.614852	8555.996747	8471.646369	8661.764969	8661.764969
32	0	0	0	0	0	0	0	0	0	0	0	2292.760075	2486.124067	2683.099408	2842.147713	3035.546382	3247.402672	3437.86915	3648.400272	3772.263766	3973.482284	4131.448524	4409.489544	4597.934673	4791.372549	4688.513589	4646.868371	4838.813956	4940.763835	4963.163231	4758.889654	4361.329935	3735.59719	3807.837583	3829.28275	4214.166667	4353.997128	3970.131139	3932.299867	3614.522417	3723.82134	3907.458913	3838.22595	3973.539563	3939.000877	4121.629478	4311.327935	4455.750856	4594.278533	4400.846867	4400.846867
33	0	0	0	0	0	0	0	0	0	0	0	0	0	0	0	0	0	0	0	0	0	0	0	0	0	0	0	0	0	0	0	0	0	0	0	0	0	0	0	0	0	0	0	0	0	0	0	0	0	0	0
34	0	0	0	0	0	0	0	0	0	0	0	0	0	0	0	0	0	0	0	0	0	0	0	0	0	0	0	0	0	0	0	0	0	0	0	0	0	0	0	0	0	0	0	0	0	0	0	0	0	0	0
35	0	0	0	0	0	0	0	0	0	0	0	91.41605054	98.31048108	108.2524097	110.8850109	119.3798218	132.2277755	140.7107835	152.9526623	187.9913859	172.8035045	178.4852566	176.1551061	168.0007947	124.5790872	142.8322735	143.4435952	161.5789084	165.9780416	152.8005599	152.8232355	141.7439371	146.5423296	138.49264	141.1538358	170.6047475	157.05857	168.0208276	183.5809367	173.5528698	172.6607112	181.792738	177.1760776	175.8184999	176.0110626	175.018559	185.9655083	192.3659206	202.0328954	203.4622589	203.4622589
36	0	0	0	0	0	0	0	0	0	0	0	0	0	0	0	0	0	0	0	0	0	0	0	0	0	0	0	0	0	0	0	0	0	0	0	10.65426784	17.19194007	20.88450214	24.444925	24.29564313	29.40479631	32.71774449	36.82303038	42.3059556	49.56813197	57.19601479	77.90833363	98.61112666	118.8629324	130.7778427	130.7778427
37	0	0	0	0	0	0	0	0	0	0	0	145.1127892	148.1220126	145.6581453	161.3589761	166.2429576	157.5646061	146.9839742	147.4629667	146.680381	147.7541533	187.9709469	210.0180365	203.4274299	195.4391146	214.1868103	200.0384199	199.6666248	202.1094906	203.0359236	192.5157906	186.2743721	183.1941705	185.622064	162.8439305	156.1655217	161.9600384	171.9529674	169.5356633	174.9537378	173.4247575	164.0301209	154.5579512	167.3085125	193.4138281	188.3375531	249.4373452	255.3675412	270.5400107	271.2381958	271.2381958
38	5630.629813	5605.111926	5791.12496	5966.04092	6468.926261	6909.89938	7359.088188	7630.168528	8030.418434	8532.908503	8962.202213	9300.717143	9903.776327	10297.94821	10820.67514	10436.94257	11043.83876	11762.48109	12231.86054	12384.14961	12763.71325	13196.82731	12937.26688	13409.72659	14290.40542	14800.13106	15302.66372	15736.83616	16326.49191	16402.64436	16109.27998	16104.46975	16080.34624	16235.99131	16325.65705	16503.27042	16572.68325	16608.55298	16385.40196	16625.3869	16990.57839	16807.14499	16959.60079	17191.15419	17235.41178	17319.23125	16724.12631	16822.38598	16453.0461	15466.70263	15466.70263
39	5630.688481	5601.071975	5786.055499	5965.726338	6474.183023	6909.746926	7396.154996	7609.989269	7876.457099	8406.971841	8800.018419	10067.3984	11020.00537	11947.7338	12397.69201	11977.31397	12740.13495	13595.56869	14307.09877	14812.66752	15230.01305	15767.0973	15486.84842	16143.66565	17114.33494	17760.51542	17894.89363	18690.71738	18778.13242	18278.51158	17405.58103	18130.26274	18333.27462	18542.59137	19159.68009	19115.28223	19369.27497	19215.9365	18648.25388	19049.14797	19738.22791	19033.03972	19200.67061	18632.78139	18761.56228	19380.7534	18878.47861	19421.49036	19023.8131	19023.8131	19023.8131
40	5630.688481	5601.071975	5786.055499	5965.726338	6474.183023	6909.746926	7396.154996	7609.989269	7876.457099	8406.971841	8800.018419	10067.3984	11020.00537	11947.7338	12397.69201	11977.31397	12740.13495	13595.56869	14307.09877	14812.66752	15230.01305	15767.0973	15486.84842	16143.66565	17114.33494	17760.51542	17894.89363	18690.71738	18778.13242	18278.51158	17405.58103	18130.26274	18333.27462	18542.59137	19159.68009	19115.28223	19369.27497	19215.9365	18648.25388	19049.14797	19738.22791	19033.03972	19200.67061	18632.78139	18761.56228	19380.7534	18878.47861	19421.49036	19023.8131	19023.8131	19023.8131
41	0	0	0	0	0	0	0	0	0	0	0	0	0	0	0	0	0	0	0	0	0	0	0	0	0	0	0	0	0	0	0	0	0	0	0	0	0	0	0	0	0	0	0	0	0	0	0	0	0	0	0
42	0	0	0	0	0	0	0	0	0	0	0	0	0	0	0	0	0	0	0	0	0	0	0	0	0	0	0	0	0	0	0	0	0	0	0	0	0	0	0	0	0	0	0	0	0	0	0	0	0	0	0
43	0	0	0	0	0	0	0	0	0	0	0	0	0	0	0	0	0	0	0	0	0	0	0	0	0	0	0	0	0	0	0	0	0	0	0	0	0	0	0	0	0	0	0	0	0	0	0	0	0	0	0
44	0	0	0	0	0	0	0	0	0	0	0	776.0729601	801.9383535	770.6415294	813.7405486	743.3620504	782.1902405	808.880955	851.0969571	895.1883626	922.1906039	938.0142226	904.0298686	921.4267312	980.6696887	1000.394393	1039.423862	1064.867365	1131.590134	1218.346155	1245.770624	1320.394972	1461.50423	1516.433957	1587.737189	1741.916536	1920.814962	2061.854559	2168.072929	2382.159618	2486.734605	2613.847554	2710.657906	2877.794217	3042.174819	3073.048829	3200.074906	3318.773344	3320.930675	3283.018603	3283.018603
45	0	0	0	0	0	0	0	0	0	0	0	151.2022875	162.456063	173.7918679	172.279669	196.3771081	200.5598027	217.591724	246.5557723	267.3742654	281.6246873	285.8177757	299.1979219	317.0202578	336.4116413	353.2976861	381.9683349	415.0972985	448.2811833	472.1673446	511.1061193	548.8885799	604.5820922	662.5156987	727.0091917	770.1831341	820.9855858	852.6463834	869.8208843	913.8732453	993.2340444	1069.915477	1184.935958	1379.382179	1586.303262	1783.221857	2040.958185	2329.260899	2456.603417	2631.402755	2631.402755
46	0	0	0	0	0	0	0	0	0	0	0	415.6129016	401.5300408	433.7470963	473.450967	458.043526	472.6049235	515.8729479	569.4563863	608.266	637.8813009	634.5122722	659.2952085	663.7111079	719.6639865	754.1290809	807.782923	783.2216601	802.3313201	848.8668409	868.9492235	868.8338315	777.0169038	871.4450658	909.2974978	919.6688907	912.1155846	918.3309175	894.2717414	827.2328734	844.6046624	864.1948463	870.779531	872.929049	907.3104635	902.6369965	952.134883	976.9047744	973.8748679	1047.048537	1047.048537
47	0	0	0	0	0	0	0	0	0	0	0	466.498971	468.9984812	506.3092171	550.7512378	541.1990488	560.2397358	609.234324	675.8660958	722.9809411	760.3287345	755.5272727	788.945796	797.0283249	861.3655713	894.3227656	960.7599896	1007.227143	1034.437377	1074.083175	1094.958439	1092.729905	954.9262297	1096.984353	1156.579058	1171.617433	1170.101565	1182.414907	1169.506073	1096.571297	1086.138838	1076.30095	1098.084552	1116.719772	1174.548885	1171.014425	1232.198426	1246.962285	1246.962285	1246.962285	1246.962285
48	0	0	0	0	0	0	0	0	0	0	0	55.95983102	57.08945283	62.19113728	62.96916168	65.60358839	68.0650177	69.75315269	71.30557562	74.99959924	82.30063644	69.11861348	103.285745	98.25393092	147.3538366	111.4767206	173.7759887	177.1843767	165.7466622	167.7394104	171.626965	182.5636997	175.3831845	158.7933253	142.9136636	150.0344347	153.0184853	127.990436	109.9777388	69.05722487	95.35128978	104.8756275	116.147444	116.1902322	107.3781874	120.2883411	129.8035227	130.2735315	141.5411933	146.3926764	146.3926764
49	0	0	0	0	0	0	0	0	0	0	0	55.95983102	57.08945283	62.19113728	62.96916168	65.60358839	68.0650177	69.75315269	71.30557562	74.99959924	82.30063644	69.11861348	103.285745	98.25393092	147.3538366	111.4767206	173.7759887	177.1843767	165.7466622	167.7394104	171.626965	182.5636997	175.3831845	158.7933253	142.9136636	150.0344347	153.0184853	127.990436	109.9777388	69.05722487	95.35128978	104.8756275	116.147444	116.1902322	107.3781874	120.2883411	129.8035227	130.2735315	141.5411933	146.3926764	146.3926764
50	0	0	0	0	0	0	0	0	0	0	0	615.536726	663.7285198	689.6431673	734.2096168	747.2623159	783.6282129	815.5423843	868.111535	876.1223535	949.9241469	981.5782866	950.93982	935.0141606	1006.850555	1024.230081	1094.495811	1162.757951	1159.925748	1093.167835	1089.165668	1141.24096	1175.558918	1236.297501	1296.794975	1304.729602	1276.322392	1386.139102	1335.622463	1455.82518	1523.532984	1497.397167	1565.440022	1701.743903	1738.122417	1725.989131	1807.924561	1865.199002	1864.610524	1812.542068	1812.542068
51	0	0	0	0	0	0	0	0	0	0	0	0	0	0	0	0	0	0	0	0	0	0	0	0	0	0	0	0	0	0	2990.794979	2716.851441	2279.194631	2191.37931	2204.086022	2290.426215	2438.807299	2588.8014	2651.188625	2733.421168	2840.488025	2881.531532	3081.981982	3146.396396	3314.485244	3475.911751	3635.810811	3737.601443	3878.439332	3711.833479	3711.833479
52	0	0	0	0	0	0	0	0	0	0	0	506.5498613	515.8377047	548.3305991	572.7562253	624.3612557	672.5288449	723.1075401	790.3544148	865.6656835	843.233995	966.611889	1010.339933	1054.673986	1119.721628	1005.642263	1076.600738	1094.504721	1150.82236	1188.691562	1215.383288	1050.767116	905.2783011	840.0763399	897.6900659	918.2816483	973.5865779	1040.001674	1046.102005	1082.091312	1140.187601	1160.395427	1187.694366	1195.660718	1176.950183	1155.830841	1226.795196	1300.151473	1319.705811	1347.554052	1347.554052
53	0	0	0	0	0	0	0	0	0	0	0	990.3588964	1133.50527	1218.396848	1042.808049	1029.360627	1138.843063	1216.808177	1284.55299	1358.563804	1415.004887	1436.312594	1536.589033	1655.271369	1683.907008	1766.247201	1872.554029	1950.419803	2090.882801	2295.300226	2430.011622	2480.882648	2837.492366	3004.183876	3057.793491	2784.584019	2816.975599	2868.343591	3100.018831	3179.889012	3373.285529	3450.922638	3692.31146	3900.277919	3925.94649	4080.142403	4226.956362	4379.945194	4572.883405	4620.013517	4620.013517
54	0	0	0	0	0	0	0	0	0	0	0	3432.520657	3603.696933	3736.119524	3861.305828	4030.715706	4182.501979	4308.472906	4521.632493	4418.295543	4617.47459	4656.274357	4687.33599	4819.557625	4963.766712	5142.718916	5259.936176	5446.94627	5504.538432	5576.433121	5584.386761	5256.086914	5078.212832	5031.845901	5185.758514	5468.686478	5729.520116	5660.077057	5604.522628	5494.310999	5693.691414	5887.910798	5889.648778	6066.895639	6218.862617	6342.134706	6509.312275	6495.931938	6464.392552	6114.037542	6114.037542
55	0	0	0	0	0	0	0	0	0	0	0	919.4323108	947.2865813	974.6743007	1002.607312	1031.602052	1046.730313	1063.852383	1081.740136	1098.983709	1113.789739	1126.485605	1136.708779	1146.123199	1156.222493	1214.205224	1198.013854	1218.729729	1292.040864	1334.14935	1246.623428	1164.946267	1031.03938	907.6355074	930.4467099	909.74658	828.3991396	738.8664063	638.6994145	693.7850202	713.4590819	736.7626087	715.7233383	754.3772441	784.0276187	812.433586	790.9568799	754.7710184	809.8206735	732.6870554	732.6870554
56	0	0	0	0	0	0	0	0	0	0	0	160.0856989	156.4997948	164.7553458	166.468768	164.2594156	158.7991403	155.2117875	145.2533838	139.7022689	147.2314165	132.0324846	126.5443321	133.6342245	136.4378581	142.6033431	144.6325192	139.6408309	139.3473527	161.5135804	124.4292666	119.0293419	109.0665181	96.92862825	95.61492106	102.7290738	98.9733114	90.16734874	88.42479533	90.60522515	91.66528971	90.74430807	85.25217565	85.75139545	83.93883334	85.35275942	97.44718994	101.2305385	97.86330034	103.8559658	103.8559658
57	1089.281816	1192.841649	1356.143749	1498.078565	1625.211864	1819.041614	1984.160067	2126.88572	2338.196014	2620.936414	2893.081761	3059.439855	3346.554487	3428.116288	3246.184341	3414.426877	3793.416125	4000	4314.655172	4541.723666	4599.258247	4589.613432	4678.780774	4739.929605	4979.264476	5350.801721	5618.043351	5794.421689	5857.504873	5853.49698	5945.914397	6217.694994	6237.911025	6306.417421	6540.826129	6431.331293	6648.232611	6608.165444	6508.205999	6511.990444	6485.248093	6494.76516	6535.789612	6606.617867	6619.668269	6663.247155	6824.745939	6668.390266	6561.792304	6246.497661	6246.497661
58	0	0	0	0	0	0	0	0	0	0	0	0	0	0	0	0	0	0	0	0	0	0	0	0	0	0	0	0	0	0	0	0	0	0	0	0	0	0	0	0	0	0	0	0	0	0	0	0	0	0	0
59	0	0	0	0	0	0	0	0	0	0	0	0	0	0	0	0	0	0	0	0	0	0	0	0	0	0	0	0	0	0	0	0	0	0	0	0	0	0	0	0	0	0	0	0	0	0	0	0	0	0	0
60	0	0	0	0	0	0	0	0	0	0	0	230.2901894	354.0904797	399.672902	364.4150769	402.5847808	381.6409651	422.0125445	410.194073	472.4623342	442.0033296	443.6251155	328.292047	365.9697764	443.8697877	475.4593845	483.0068847	476.2925459	378.8816	333.0269712	387.9262776	397.5571083	539.0335789	507.1368703	524.8920505	495.5592309	631.4272491	634.8725737	672.4582807	658.8900381	728.3547528	1039.391922	1256.212785	1327.345383	1143.377877	1275.977905	1299.59881	1373.695257	1392.764865	1358.191386	1358.191386
61	0	0	0	0	0	0	0	0	0	0	0	146.8127966	151.7436546	165.6494563	176.7173018	198.6177824	225.7663713	254.2666212	293.7992024	328.9450734	361.0289312	385.2573705	404.0207382	408.3509389	410.9886699	396.4538283	416.5708093	450.200011	450.1331508	444.2955592	479.3098095	507.9335794	522.0376044	517.7490888	551.5656616	555.5796624	618.4352759	664.5996838	700.2750764	650.1381111	652.1656541	665.5493977	673.7464083	693.794699	755.4772479	779.7323512	862.5551221	940.235547	1090.935736	1115.445527	1115.445527
62	0	0	0	0	0	0	0	0	0	0	0	196.3475332	192.6697772	189.5895548	209.1543638	230.7374761	263.1758006	296.4129387	310.0772954	334.1035194	368.0329482	403.2781532	442.5933735	487.3173717	506.0152605	483.3632306	575.4750776	606.6791091	623.0329289	646.9707908	669.3667809	687.9958316	694.2705873	712.7407283	727.6992571	748.5844005	809.5626875	851.2359924	897.3926966	956.8573644	994.051317	1047.65658	1099.100883	1167.927694	1211.956928	1284.418741	1356.055284	1440.261709	1483.683693	1548.593578	1548.593578
63	0	0	0	0	0	0	0	0	0	0	0	166.5413914	178.2740784	199.8546287	211.7920289	206.080412	235.463756	254.9727043	277.2629896	285.438363	269.7442133	256.0542234	252.1401699	272.5248689	282.7074122	292.8408323	297.6104019	315.5589902	325.0754158	325.938919	348.2195797	365.9526249	379.1950843	430.3330541	465.0571522	496.2150737	507.1310009	547.0018255	562.7671677	582.1257453	609.5646604	614.8145156	657.1220592	684.194768	680.7333874	746.8788184	808.1340861	882.1695536	854.5379915	845.07184	845.07184
64	0	0	0	0	0	0	0	0	0	0	0	0	0	0	0	0	0	0	0	0	0	0	0	0	0	0	0	0	0	0	0	0	0	0	0	0	0	0	0	0	0	0	0	0	0	0	0	0	0	0	0
65	0	0	0	0	0	0	0	0	0	0	0	0	0	0	0	0	0	0	0	0	0	0	0	0	0	0	0	0	0	0	0	0	38.63042275	40.24472566	44.25524542	46.06999589	51.79257472	55.46965255	47.54592995	49.71912929	46.89746034	50.88560627	54.35366571	56.20552406	54.41902137	53.9437447	49.93718032	51.05697312	48.91338511	51.00041232	51.00041232
66	0	0	0	0	0	0	0	0	0	0	0	0	0	0	0	0	0	0	0	0	0	0	0	0	0	0	0	0	0	0	5891.013384	5784.112748	4742.987606	3953.815261	4315.105947	4309.67293	4647.59887	4877.142857	4786.466599	4517.139541	4628.653969	4770.186864	4898.276974	5269.223368	5484.068295	5567.206524	5883.679544	6272.770096	6347.548809	5950.289158	5950.289158
67	0	0	0	0	0	0	0	0	0	0	0	18.53718443	18.40555665	17.49028337	16.78554726	16.29298785	15.85723685	14.89516547	15.60038292	17.1394194	17.9245454	18.7969127	19.50731803	20.25930403	21.17276019	19.6944718	19.68509831	20.11301689	19.0980073	18.52501043	22.3862404	21.76050267	21.59276592	23.27006635	23.62473045	24.08743127	24.55151461	24.02378014	23.93276784	23.17250146	22.98030387	26.90786934	26.65095844	29.18738203	31.50567337	34.4716793	38.71388678	41.32867522	43.03529401	45.75813413	45.75813413
68	0	0	0	0	0	0	0	0	0	0	0	18.72907586	18.75556374	17.64758577	17.0982494	16.48602396	16.15572322	15.02490315	15.49095678	16.84879152	18.18997835	18.58199531	19.99949876	20.90168915	21.42285418	20.24808464	20.21116805	19.08552111	18.17541242	17.64245429	23.36248785	22.75336407	22.6183316	25.87174499	26.27195365	26.79746591	27.30648678	26.7209695	26.62307333	25.77287264	25.55140044	29.90843144	29.59788007	32.39231952	34.90226267	38.10557051	42.66064624	44.52864736	44.52864736	44.52864736	44.52864736
69	0	0	0	0	0	0	0	0	0	0	0	0	0	0	0	0	0	0	0	0	0	0	0	0	0	0	0	0	0	0	0	0	0	0	0	0	0	0	0	0	0	0	0	0	0	0	0	0	0	0	0
70	0	0	0	0	0	0	0	0	0	0	0	0	0	0	0	0	0	0	0	0	0	0	0	0	0	0	0	0	0	0	0	0	0	0	0	0	0	0	0	0	0	0	0	0	0	0	0	0	0	0	0
71	1873.137275	2187.626093	2389.445558	2479.32788	2715.10222	2938.212095	3197.773412	3345.201911	3628.268857	4071.366782	4571.211463	4885.398614	5515.732759	6046.935276	6139.629077	5946.932711	6545.281422	6726.524583	7329.686514	7930.115425	8294.979079	8493.541667	8533.043298	9123.764415	9808.070463	10483.27213	10623.22082	11356.37543	11767.52171	12040.50786	12486.76294	12470.08377	12514.08171	13013.81761	13601.49342	13590.8379	13720.78049	14454.93873	14847.85562	15075.94691	15285.93089	15687.17656	16129.87932	16427.2148	16785.69181	16119.79651	17177.43951	17161.0522	16349.98614	15241.61194	15241.61194
72	1462.960743	1550.737166	1654.671991	1751.721969	1897.588306	1989.181088	2096.727485	2188.024352	2269.109474	2472.693829	2628.858491	2753.962567	2931.845497	3165.117101	3267.6569	3257.020913	3597.439871	3693.803695	3936.283126	4207.901447	4426.028692	4584.495496	4621.992661	4713.719425	4947.500859	5262.27544	5513.097217	5655.395224	5742.149282	5865.19944	5974.098285	6370.775388	6490.989656	6469.436792	6545.172628	6630.504115	6914.667154	6839.540564	7018.52789	7166.516287	7255.238041	7365.94207	7320.445561	7551.41522	7686.04437	7676.736207	7558.05531	7541.498098	7682.889597	7488.434522	7488.434522
73	1462.960743	1550.737166	1654.671991	1751.721969	1897.588306	1989.181088	2096.727485	2188.024352	2269.109474	2472.693829	2628.858491	2753.962567	2931.845497	3165.117101	3267.6569	3257.020913	3597.439871	3693.803695	3936.283126	4207.901447	4426.028692	4584.495496	4621.992661	4713.719425	4947.500859	5262.27544	5513.097217	5655.395224	5742.149282	5865.19944	5974.098285	6370.775388	6490.989656	6469.436792	6545.172628	6630.504115	6914.667154	6839.540564	7018.52789	7166.516287	7255.238041	7365.94207	7320.445561	7551.41522	7686.04437	7676.736207	7558.05531	7541.498098	7682.889597	7488.434522	7488.434522
74	0	0	0	0	0	0	0	0	0	0	0	0	0	0	0	0	0	0	0	0	0	0	0	0	0	0	0	0	0	0	0	0	0	0	0	0	0	0	0	0	0	0	0	0	0	0	0	0	0	0	0
75	0	0	0	0	0	0	0	0	0	0	0	207.5119319	237.4001243	286.50204	327.5291716	418.1943075	530.0240637	699.2160498	669.6013392	777.8265176	770.5367829	839.3522477	911.3693324	968.6183724	1022.562643	1073.304695	1072.21843	1045.248735	1029.05326	856.9151721	939.6756235	922.229482	895.8033429	872.4699105	767.2583397	769.777629	845.0968731	851.6077798	912.6132489	897.3685475	875.1094899	900.911599	936.8229536	942.7059456	936.6367821	933.8096735	972.6651741	1002.362259	1041.156718	922.495489	922.495489
76	0	0	0	0	0	0	0	0	0	0	0	0	0	0	0	0	0	0	0	0	0	0	0	0	0	0	0	0	0	0	0	0	0	0	0	0	0	0	0	0	0	0	0	0	0	0	0	0	0	0	0
77	0	0	0	0	0	0	0	0	0	0	0	0	0	0	0	0	0	0	0	0	0	0	0	0	0	0	0	0	0	0	3039.150354	2696.705887	2125.166718	1936.836961	1978.15534	1468.314322	1119.776435	1278.135758	1435.384307	1460.078608	1452.821221	1449.252234	1509.754418	1597.403497	1650.186416	1714.894983	1560.936789	1609.698296	1651.80099	1585.199964	1585.199964
78	1589.825797	1685.197817	1792.78865	1921.308221	2070.563279	2203.625114	2312.403223	2380.957993	2603.677008	2843.20029	3856.392903	4061.853171	4334.307311	4653.84518	4802.71971	4743.616467	5148.243676	5284.842515	5575.374922	5787.782956	5796.43181	5831.314239	5821.905917	5965.937892	6240.988619	6447.450385	6529.603232	6666.212744	6776.361589	6835.267676	6639.734116	6564.788662	6445.92181	6288.444477	6239.008293	6330.503907	6403.555035	6424.961314	6479.505649	6506.182465	6635.543121	6764.043579	6899.149173	6982.760083	7082.532229	7113.414188	7174.137667	7184.308553	7149.108593	6778.661314	6778.661314
79	0	0	0	0	0	0	0	0	0	0	0	310.1683022	343.7021356	388.7375071	395.8855145	373.8915652	387.0921327	397.5429494	327.7771177	395.429929	421.2325368	413.6579321	372.223827	163.6258424	92.35870903	161.8245544	256.2221529	285.2909528	301.6212104	305.4343341	323.1167381	335.8277691	350.8593307	336.0963229	336.2759746	349.8873118	362.4949359	387.953123	275.4755687	342.6005024	330.3855002	336.5378371	311.3198575	225.3662225	220.218731	246.6288284	298.2333867	247.1777205	266.7620809	265.1063393	265.1063393
80	0	0	0	0	0	0	0	0	0	0	0	1811.740076	1801.080648	1871.242585	1820.916792	1926.100629	1948.330281	1890.432099	1871.514781	1969.249413	1957.462827	2026.418493	2137.473282	2214.132923	2216.461926	2292.543596	2366.641623	2326.454034	2472.187886	2877.751616	2758.106597	3231.677872	3551.346552	3794.437281	3892.336504	3958.508962	4032.40588	4076.236642	4266.588201	4409.495113	4570.718151	4562.737643	4608.953517	4716.649067	4723.370264	4987.102322	5164.68858	5290.824686	5668.043842	5947.294665	5947.294665
81	241.8638165	272.5648964	305.3977273	342.0990566	407.9905993	475.4385965	625.2612027	739.5594309	802.7685619	917.5880543	1023.768907	1198.278791	1360.895489	1547.989696	1562.262888	1655.686968	1807.025199	1894.94038	2100.954401	2180.666108	2247.329669	2263.850344	2270.377937	2424.49477	2561.641067	2666.398228	2725.110397	2859.014099	3097.539105	3204.955401	3232.752682	3272.222222	3407.907425	3457.576916	3584.857387	3683.938311	3796.806425	3946.274473	4131.610521	4268.216484	4539.41669	4681.296922	4871.425759	5047.210898	5149.931281	5241.551104	5372.132115	5627.832913	5722.92089	5540.222428	5540.222428
82	0	0	0	0	0	0	0	0	0	0	0	0	0	0	0	0	0	0	0	0	0	0	0	0	0	0	0	0	0	0	0	0	0	0	0	0	0	0	0	0	0	0	0	0	0	0	0	0	0	0	0
83	0	0	0	0	0	0	0	0	0	0	0	0	0	0	0	0	0	0	0	0	0	0	0	0	0	0	0	0	0	0	0	0	0	0	0	0	0	0	0	0	0	0	0	0	0	0	0	0	0	0	0
84	0	0	0	0	0	0	0	0	0	0	0	0	0	0	0	0	0	0	0	0	0	0	0	0	0	0	0	0	0	0	0	0	0	0	0	0	0	0	0	0	0	0	0	0	0	0	0	0	0	0	0
85	0	0	0	0	0	0	0	0	0	0	0	0	0	0	0	0	0	0	0	0	0	0	0	0	0	0	0	0	0	0	0	0	0	0	0	0	0	0	0	0	0	0	0	0	0	0	0	0	0	0	0
86	0	0	0	0	0	0	0	0	0	0	0	118.9765445	131.7714076	143.9882373	149.7712898	156.2243105	168.3263646	198.0312394	215.6935719	234.1493078	241.5979344	196.8957581	183.8192777	178.0006268	180.26623	183.036858	185.5498311	201.4850613	205.6254092	218.1981875	222.9038215	230.2025783	253.7150366	268.8045287	282.8892174	295.7364331	301.0805033	312.9318615	326.6762745	377.0622929	342.615057	370.7230585	375.5820484	465.7572924	478.8482876	477.1507839	547.6066414	557.3087847	542.698384	548.1122017	548.1122017
87	0	0	0	0	0	0	0	0	0	0	0	0	0	0	0	0	0	0	0	0	0	0	0	0	0	0	0	0	0	0	0	0	0	0	0	0	0	0	0	0	0	0	0	0	0	0	0	0	0	0	0
88	0	0	0	0	0	0	0	0	0	0	0	0	0	0	0	0	0	0	0	0	0	0	0	0	0	0	0	0	0	0	0	0	0	0	0	0	0	0	0	0	0	0	0	0	0	0	0	0	0	0	0
89	0	0	0	0	0	0	0	0	0	0	0	0	0	0	0	0	0	0	0	0	0	0	0	0	0	0	0	0	0	0	0	0	0	0	0	0	0	0	0	0	0	0	0	0	0	0	0	0	0	0	0
90	0	0	0	0	0	0	0	0	0	0	0	12.30664488	17.01640853	19.95236826	22.77662959	29.3709006	26.72555962	30.3324663	34.31673725	35.76098293	40.96478576	47.77384207	48.17117383	49.16324968	49.45080797	50.50668526	53.66211033	52.34676531	53.72272108	56.03808985	58.10626626	44.40759851	39.74198158	28.12564372	18.38261471	29.70459542	33.24243333	41.28393527	36.20133842	38.37389784	35.0476573	34.46341879	29.9935581	28.20812617	27.78792688	36.6952376	37.02869122	25.29023142	23.52015112	35.6844485	35.6844485
91	0	0	0	0	0	0	0	0	0	0	0	128.11595	128.8002677	145.6849553	150.778118	158.251868	165.0396611	184.2013976	184.3513314	208.7756305	213.6375164	227.4226255	224.1692844	234.5352532	241.4385641	286.331572	282.9422782	330.423658	342.1213037	335.780223	372.8541711	356.6851004	333.5669399	347.6753828	310.6223088	362.3254044	413.2053997	428.9185341	462.3505452	467.1466975	516.3914482	526.9980552	554.3784084	580.8449471	609.3611155	619.1088176	635.8146015	695.9248446	709.185673	678.2620438	678.2620438
92	0	0	0	0	0	0	0	0	0	0	0	1297.802388	1311.960423	1416.446624	1364.957778	1439.393939	1610.004427	1804.873792	1950.723085	2003.164493	2156.583911	2229.617625	2361.477823	2624.83396	2786.453991	2918.331439	3196.792528	3838.475986	4072.073353	3936.723998	4177.929705	4401.251739	4507.887251	4698.695136	4835.470723	4849.823752	4915.701966	4968.486586	5325.733148	5268.145009	5446.661665	5549.945638	5647.899646	5713.882451	5782.560625	5878.441848	5882.807601	5899.16112	5866.259656	5924.582721	5924.582721
93	0	0	0	0	0	1134.443022	1218.753068	1305.359937	1378.994544	1466.757255	1588.758828	1711.722142	1828.554936	1954.771943	2071.721899	2150.113938	2286.334876	2421.077371	2614.072894	2640.213124	2698.675458	2741.560088	2839.436662	2959.975067	3118.074568	3215.117072	3298.179584	3465.908175	3476.74	3512.318069	3426.551101	3223.918869	3116.012869	2995.986878	3025.71071	3066.522154	3162.374877	3188.381968	3215.679628	3321.406628	3309.283711	3426.722902	3545.170756	3637.278332	3680.168467	3771.364614	3882.490664	3976.518977	3988.767694	3773.153807	3773.153807
94	2607.984182	2871.50838	2901.098901	2989.189189	3057.894737	2948.453608	2893.401015	2914.572864	3000	3802.955665	6485.294118	7004.854369	7655.502392	9910.377358	9972.093023	9587.155963	10009.09091	10621.62162	10964.28571	11827.43363	12688.59649	12904.7619	14029.91453	14641.35021	15271.96653	14796.6805	15362.13992	15260.1626	16342.53701	16434.50732	16149.92151	15918.60465	16097.28074	16732.37301	17067.66917	17361.9403	17288.88889	18897.05882	21324.81752	24511.71171	26220.64057	26947.36842	27850.69444	27666.38689	28215.45225	27988.02968	31328.3868	36852.54489	50067.10479	51259.18763	51259.18763
95	0	0	0	0	0	0	0	0	0	0	0	99.09909035	101.6977116	102.0999266	105.581213	116.3598545	126.1008804	128.2770346	138.1038157	137.957025	142.4318961	152.8809839	159.494597	167.8582051	183.9272255	194.8710509	209.8752643	222.378174	242.7702645	260.2893572	275.7961896	295.0226767	308.5042155	325.5427102	346.5054489	364.5036366	365.9264933	382.1692866	393.5724928	398.1908156	401.090437	401.9812903	415.5436571	433.7585515	456.4196783	474.7899428	516.2526988	563.0657197	589.3847972	596.8220763	596.8220763
96	0	0	0	0	0	0	0	0	0	0	0	13.93673659	15.45285408	15.39217222	18.68359858	20.90138806	17.87715028	21.20293769	31.00813516	37.7941715	45.1398887	51.14229823	60.14258255	64.76452418	70.05777335	78.26589286	90.3877532	102.519132	117.4898936	135.233371	159.9275805	175.2290455	191.4888068	209.8946595	236.8892469	260.3556256	293.720309	327.8594703	327.7772984	353.6048887	386.9811427	408.0877525	414.3154181	425.8985116	471.5846842	494.2033916	513.7384589	546.7351174	572.0295377	590.1535203	590.1535203
97	0	0	0	0	0	0	0	0	0	0	0	272.8304945	314.2293438	382.3429972	420.2259511	457.595244	489.8358977	513.6640136	511.3804725	555.6792965	539.1877929	560.0551773	617.8650842	689.9753073	727.8960705	763.1851657	774.4526006	826.0699501	821.7600264	882.5967102	966.5288229	1023.085774	1097.136565	1144.416498	1189.280727	1214.851172	1303.364398	1345.864216	1388.781708	1479.161547	1553.37309	1647.642074	1747.656884	1890.402524	2011.181838	2046.190926	2142.597486	2187.889836	2202.691406	2237.508632	2237.508632
98	0	0	0	0	0	0	0	0	0	0	0	256.8009037	257.470692	302.5369757	320.9335995	362.1969571	409.3839201	482.0299636	575.1705809	721.5276171	785.0919361	729.5724971	894.6571811	1032.521368	1209.499803	1270.125285	1310.303098	1281.563964	1297.651488	1282.942821	1253.145746	1048.295317	1254.228554	1271.608999	1321.525354	1334.267684	1281.744388	1279.439623	1274.039373	1236.118736	1199.326773	1204.399994	1232.981573	1016.719545	1174.159295	816.02446	879.1223081	743.3276394	720.0540009	1068.581045	1068.581045
99	693.7198593	753.7260468	839.9293286	887.0175439	1042.597765	1134.909597	1240.291262	1344.482759	1499.828356	1612.440191	1755.254237	1893.55272	2029.761905	2152.294175	2255.761844	2183.821215	2385.068154	2543.704156	2705.793603	2940.023753	2878.271097	2835.608481	2798.850575	2858.1621	2965.145934	3113.276836	3270.262638	3407.950381	3421.701079	3599.658071	3776.313538	3907.309187	4115.691302	4200.319928	4375.052511	4525.275566	4787.890617	4976.632824	5201.610905	5433.864939	5796.055581	5896.939225	6035.686646	6092.548994	6168.398988	6241.715574	6370.851535	6284.469504	6421.155785	6033.942581	6033.942581
100	693.7191249	749.735263	837.2666432	887.0175439	1042.961928	1134.909597	1239.002425	1345.875043	1501.37457	1611.338798	1752.877454	2109.066577	2272.847245	2387.264457	2511.189258	2433.113	2669.457364	2840.770171	3007.233273	3277.893484	3199.941194	3172.143065	3146.516983	3190.068493	3287.8616	3415.65414	3573.001977	3695.615276	3752.624113	3934.300341	4129.445235	4302.186879	4528.563348	4609.50239	4775.544389	4948.462178	5272.127543	5438.266558	5707.231516	5869.066667	6303.101998	6451.913133	6393.04745	6273.383085	6231.781623	6202.531646	6434.090377	6481.285878	6508.000902	6508.000902	6508.000902
101	0	0	0	0	0	0	0	0	0	0	0	2288.693385	2497.141042	2497.559487	2518.21143	2624.891462	2718.086612	2831.995572	3011.924119	3049.392499	3022.17638	3067.492417	3173.902258	3313.276492	3359.461409	3485.235058	3407.071412	3756.466011	4026.114363	4228.419655	4176.180258	3981.208325	4568.416943	4618.893746	4934.247083	5127.86294	5340.302178	5488.519534	5819.460727	5974.367347	6323.103832	6400.217425	6502.739726	6597.306307	6525.921574	6572.199535	6711.229567	7003.24508	7133.045096	6607.619964	6607.619964
102	975.0257472	1046.422352	1143.592767	1266.350581	1353.323657	1446.749309	1573.202079	1693.238313	1823.390187	1934.812656	2072.90699	2152.753634	2295.507622	2457.745064	2537.279309	2476.362259	2710.470584	2776.838531	2891.051554	3040.946056	3104.848141	3096.916923	3132.74618	3134.396436	3304.310939	3391.673882	3490.352675	3662.662097	3825.937241	4007.164032	4144.924981	4224.730504	4310.495241	4303.574963	4439.221633	4597.747251	4658.493778	4790.996559	4955.355692	5079.025431	5299.269868	5405.865495	5530.185068	5623.920986	5640.091241	5668.737805	5754.519409	5712.730089	5661.184427	5270.539626	5270.539626
103	0	0	0	0	0	0	0	0	0	0	0	818.7256223	971.8660618	1006.605129	1052.444742	700.9438649	742.4980315	764.3006379	765.7523478	694.3452221	670.4172527	656.2456643	780.8735967	751.5173152	600.4649327	586.7335901	613.0661872	649.6213733	622.559837	586.5510127	878.6610879	723.1793996	1469.226549	1553.036984	1730.48636	2095.564516	2145.483781	2201.597792	2283.340719	2315.202045	2333.755588	2338.769432	2412.993896	2485.432456	2458.58762	2478.116511	2453.156096	2551.760221	1989.803513	1901.617451	1901.617451
104	1110.263405	1246.010764	1317.93138	1506.011651	1676.445935	1775.836089	1984.16675	2253.660958	2513.333531	2863.179933	3222.003929	3415.688241	3737.265366	4090.998251	3967.084839	4028.667143	4310.620638	4444.771348	4670.1074	4862.75999	4717.687657	4754.377465	4696.620486	4960.933766	5184.888933	5327.798665	5327.79113	5639.948891	5904.789867	6236.922902	6486.153946	6689.649051	6716.813304	6789.281814	7202.583206	7364.894491	7519.413809	7672.87118	7691.511747	7815.609949	7973.508316	7822.814179	7915.665581	7815.311859	8050.72753	8212.689692	8252.950938	8489.650409	8091.106593	7819.182869	7819.182869
105	0	0	0	0	0	0	0	0	0	0	0	150.5864867	176.9143974	200.0077636	216.8551495	244.198895	288.3374791	249.1484773	284.0027486	357.2599023	398.8995873	457.3830176	539.8865103	677.5531211	768.6275174	816.9440242	853.8629738	939.2129304	943.0122117	958.7696335	1050.473186	955.4301834	1063.21993	1098.585814	1142.620806	1212.872467	1262.877034	1261.235006	1315.091138	1344.08717	1376.96717	1404.778851	1479.356888	1517.621998	1637.05104	1681.603991	1816.687737	1971.741434	2093.312597	2111.91885	2111.91885
106	0	0	0	0	0	0	0	0	0	0	0	0	0	0	0	0	0	0	0	0	0	0	0	0	0	0	0	0	0	0	5905.00367	5641.834595	5354.491782	4541.830799	4340.735413	4041.129858	3636.627587	3173.793041	2948.783425	2838.343467	3169.523341	3512.035501	3558.327279	3768.792568	3859.192816	4012.073919	4261.212294	4487.28613	4689.230872	4495.133438	4495.133438
107	0	0	0	0	0	0	0	0	0	0	0	77.97674955	82.42993518	85.15819551	87.47988232	90.46340696	96.52770345	98.15940109	101.1807314	104.7147631	104.9327748	108.7576667	107.3047785	106.7012907	108.3009482	113.4051502	116.1484564	125.1513882	118.5254827	121.4624181	124.9617385	126.2783153	126.1464089	128.5670489	129.6406054	130.8261005	133.1247747	130.8353354	131.6994209	122.2172273	109.7150062	119.6526295	122.0243135	127.6427031	134.9771265	137.134863	145.3164269	149.0453071	148.769674	147.4322711	147.4322711
108	0	0	0	0	0	0	0	0	0	0	0	62.47318287	69.37660402	71.93612774	75.57915801	80.63200059	91.41591023	85.24996557	100.2918546	108.776188	100.2398376	112.4659642	111.4402917	113.0430013	111.5571519	118.281759	121.8530696	134.280303	135.3081002	136.7008124	138.0531729	141.6958944	136.8862275	139.7703993	140.855098	152.4079732	154.6512039	157.9218992	158.0217129	147.7165149	130.4983938	142.9235489	149.6723935	155.6248529	162.8833477	170.868582	179.1852496	179.3669713	179.3669713	179.3669713	179.3669713
109	0	0	0	0	0	0	0	0	0	0	0	2974.653193	3468.336922	3608.940804	3779.672039	4046.489073	4271.187716	4676.274249	5168.673846	6057.072647	6028.484426	6373.387545	7108.921786	7258.049245	7700.180908	8141.977162	8532.97629	8642.885311	8957.846646	9406.54172	8253.152891	4967.986277	8480.662983	10813.50482	12904.35767	12969.99652	13925.8777	14167.16106	15130.75121	15131.78051	14822.34517	15190.17829	15635.20622	16656.11867	16770.15371	17123.12733	17933.68407	17485.77713	17750.69447	17609.96355	17609.96355
110	0	0	0	0	0	0	0	0	0	0	0	0	0	0	0	0	0	0	0	0	0	0	0	0	0	0	0	0	0	0	2313.814153	2306.117909	2312.58249	1903.1477	1885.903084	2061.047082	1953.618209	1791.957672	1674.171357	1786.375036	1904.258133	1699.16041	1598.373788	1954.511174	1651.153923	1842.130845	2015.369504	1771.987468	1449.250649	1401.898614	1401.898614
111	0	0	0	0	0	0	0	0	0	0	0	0	0	0	0	0	0	0	0	0	0	0	0	0	0	0	0	0	0	0	0	0	0	0	0	0	0	0	0	0	0	0	0	0	0	0	0	0	0	0	0
112	0	0	0	0	0	0	0	0	0	0	0	0	0	0	0	0	0	0	0	0	0	0	0	0	0	0	0	0	0	0	3387.12697	3271.224643	2621.200608	2030.162413	1952.119309	1973.359841	1965.877158	2042.040816	2129.875519	2073.221757	2078.41484	2192.878338	2279.726262	2453.832598	2551.431824	2702.876577	2876.376561	3063.573657	3087.250573	2874.712728	2874.712728
113	0	0	0	0	0	0	0	0	0	0	0	489.2377581	535.1118037	604.7741139	652.5099786	602.1070492	645.4756995	692.026425	756.9789703	853.7216244	907.8098845	976.368394	1059.846869	1148.825102	1200.123668	1216.781535	1308.658089	1447.598394	1247.90283	775.088851	474.8383176	925.2952931	1076.726763	1219.767746	1309.403484	1367.899384	1836.888484	2155.753541	2617.330526	2590.491738	2607.734381	2630.884879	2769.546057	2815.963019	2781.861721	2785.249308	2683.127608	2769.372305	2934.305115	3130.100381	3130.100381
114	0	0	0	0	0	0	0	0	0	0	0	0	0	0	0	0	0	0	0	0	0	0	0	0	0	0	0	0	0	0	0	0	0	0	0	0	0	0	0	0	0	0	0	0	0	0	0	0	0	0	0
115	0	0	0	0	0	0	0	0	0	0	0	0	0	0	0	0	0	0	0	0	0	0	0	0	0	0	0	0	0	0	0	0	0	0	0	0	0	0	0	0	0	0	0	0	0	0	0	0	0	0	0
116	0	0	0	0	0	0	0	0	0	0	0	191.3556296	205.072432	397.4776949	458.3350967	579.0754258	693.931501	828.893984	943.2478608	1113.168354	1177.277179	1129.513156	1085.943946	1049.244623	1021.80553	1004.727257	1055.180129	1441.818783	1555.180449	1525.293609	1614.04226	1703.572119	1807.772557	1870.122595	1885.598491	1834.970363	1851.453884	1863.635299	2161.772725	2236.711201	2275.58209	2302.998268	2420.002013	2453.139849	2556.07976	3412.997085	3779.095711	3965.264792	4001.22284	4170.108358	4170.108358
117	0	0	0	0	0	0	0	0	0	0	0	244.2307692	262.2119816	506.6254417	584.4265764	738.4428224	884.9144635	1056.301268	1201.92995	1419.288646	1567.091087	1613.80597	1660.35503	1710.741472	1770.372369	1842.857143	1719.496855	1871.694417	1924.659172	1893.98549	2329.667812	2346.343652	2364.615385	2442.075797	2467.074715	2361.398428	2450.52717	2508.447625	2634.98247	2749.952281	2898.615788	2952.354774	3147.961932	3332.102023	3481.302774	3767.854128	3968.899917	4165.018642	4165.018642	4165.018642	4165.018642
118	0	0	0	0	0	0	0	0	0	0	0	0	0	0	0	0	0	0	0	0	0	0	0	0	0	0	0	0	0	0	4023.255814	4022.678186	3167.027027	2494.162368	2498.359759	2536.618943	2732.871012	2724.022346	2821.37834	2697.252903	2516.905098	2687.795221	2827.558971	3052.800862	3142.399663	3101.364143	3230.623185	3411.819702	3555.86393	3430.79831	3430.79831
119	4534.772944	4601.631117	5063.526495	6986.175115	8633.333333	9066.066066	9516.129032	9489.856802	9191.679049	10230.42836	10629.78222	11782.6087	11608.27111	11721.00936	13021.82429	10596.3939	11482.4051	10434.06138	10797.68148	10962.86107	10761.85256	11077.68053	10993.16005	11137.85558	11731.29437	12047.93028	12121.7862	12243.74496	13428.87758	13519.59746	13667.67055	14087.8553	12927.90208	12632.24102	13665.07415	14920.77088	14629.73022	15134.10418	15460.32494	14990.41756	14703.18588	15618.59464	15980.2768	16256.67028	16297.92947	15639.84711	16454.48833	16350.23844	15937.78778	14423.95582	14423.95582
120	4534.772944	4601.631117	5063.526495	6986.175115	8633.333333	9066.066066	9462.365591	9173.627685	10243.68499	10230.42836	10629.78222	6802.898551	6430.212522	6197.9019	5814.213766	4113.730929	4361.318925	3660.492121	3808.998068	3683.631362	3041.929296	3263.129103	2574.555404	2270.2407	2446.75041	2565.359477	2765.899865	2741.458165	3565.496919	3633.474576	3605.655931	3655.386205	3052.229299	2680.231098	2840.515106	3003.663004	3022.500301	2989.323843	3035.630567	2361.111111	2688.787185	2809.954751	8203.125	7991.169978	8978.213508	8911.637931	9219.148936	8425.263158	7384.615385	7384.615385	7384.615385
121	0	0	0	0	0	0	0	0	0	0	0	0	0	0	0	0	0	0	0	0	0	0	0	0	0	0	0	0	0	0	0	0	0	0	0	0	0	0	0	0	0	0	0	0	0	0	0	0	0	0	0
122	0	0	0	0	0	0	0	0	0	0	0	0	0	0	0	0	0	0	0	0	0	0	0	0	0	0	0	0	0	0	0	0	0	0	0	0	0	0	0	0	0	0	0	0	0	0	0	0	0	0	0
123	0	0	0	0	0	0	0	0	0	0	0	309.7567935	343.1602696	370.1787349	395.1096862	424.6822152	461.8146945	526.6874223	570.448883	625.9798755	666.8312057	698.2990518	741.9119971	780.0050182	821.0312891	866.2770249	904.7994506	945.2904472	1020.461141	1085.296511	1171.042502	1281.606246	1434.59046	1551.778685	1784.073462	2003.686149	2175.355491	2475.633105	2620.501121	2600.961409	2725.870086	2887.506546	2903.775732	2985.891883	3079.429661	3121.043978	3246.448066	3458.338284	3428.004239	3613.530812	3613.530812
124	0	0	0	0	0	0	0	0	0	0	0	341.0316319	378.101166	408.2976903	443.3308277	472.1814325	516.2627551	585.9892465	628.9130932	682.8397083	730.0733852	765.1354034	814.3360752	859.2981747	901.442623	953.307393	1000	1048.949365	1131.497398	1166.439446	1271.391482	1427.703393	1536.071672	1774.389621	1947.308133	2207.536176	2433.778283	2671.235405	2732.805185	2866.880548	2975.723984	3004.964032	3061.690722	3175.359094	3255.85922	3309.834978	3442.881778	3815.521916	3815.521916	3815.521916	3815.521916
125	0	0	0	0	0	0	0	0	0	0	0	0	0	0	0	0	0	0	0	0	0	0	0	0	0	0	0	0	0	0	0	0	0	0	0	0	0	0	0	0	0	0	0	0	0	0	0	0	0	0	0
126	0	0	0	0	0	0	0	0	0	0	0	942.344578	1005.322001	1132.201421	937.5400922	1030.487805	1143.668746	1215.839857	1300.737254	1389.640879	1447.802198	1532.306962	1650.791052	1723.12927	1810.742867	2063.953488	2215.827338	2441.595442	2641.242938	2801.120448	2777.777778	3604.140141	3737.196401	3727.919978	3743.488291	3915.343915	3789.473684	3825.065274	3924.675325	4193.298969	4312.820513	4292.315051	4500.3523	4872.272205	4797.292583	4912.873263	4884.254247	4845.373426	4806.408545	4423.044351	4423.044351
127	0	0	0	0	0	0	0	0	0	0	0	0	0	0	0	0	0	0	0	0	0	0	0	0	0	0	0	0	0	0	0	0	0	0	0	0	0	0	0	0	0	0	0	0	0	0	0	0	0	0	0
128	0	0	0	0	0	0	0	0	0	0	0	0	0	0	0	0	0	0	0	0	0	0	0	0	0	0	0	0	0	0	0	0	0	0	0	0	0	0	0	0	0	0	0	0	0	0	0	0	0	0	0
129	0	0	0	0	0	0	0	0	0	0	0	0	0	0	0	0	0	0	0	0	0	0	0	0	0	0	0	0	0	0	0	0	0	0	0	0	0	0	0	0	0	0	0	0	0	0	0	0	0	0	0
130	0	0	0	0	0	0	0	0	0	0	0	0	0	0	0	0	0	0	0	0	0	0	0	0	0	0	0	0	0	0	0	0	0	0	0	0	0	0	0	0	0	0	0	0	0	0	0	0	0	0	0
131	0	0	0	0	0	0	0	0	0	0	0	0	0	0	0	0	0	0	0	0	0	0	0	0	0	0	0	0	0	0	0	0	0	0	0	0	0	0	0	0	0	0	0	0	0	0	0	0	0	0	0
132	0	0	0	0	0	0	0	0	0	0	0	504.0423025	547.3192206	577.7886298	621.7418901	649.1699297	686.6619024	727.551101	782.9338268	827.5932316	873.9624404	914.6683202	970.9736479	992.8801933	1033.970698	1074.720505	1093.62987	1139.218622	1172.890889	1228.043437	1179.931318	1289.212084	1310.884796	1305.43584	1392.867418	1410.524791	1481.103876	1554.064436	1614.472982	1655.96274	1766.393729	1794.748053	1804.058343	1768.753186	1870.997773	1927.063862	1939.328583	1973.681687	1982.813298	1942.840798	1942.840798
133	0	0	0	0	0	0	0	0	0	0	0	0	0	0	0	0	0	0	0	0	0	0	0	0	0	0	0	0	0	0	0	0	0	0	0	0	0	0	0	0	0	0	0	0	0	0	0	0	0	0	0
134	0	0	0	0	0	0	0	0	0	0	0	579.60487	622.0468164	651.4028865	698.3250694	726.8575211	764.3217858	817.4793123	868.128018	922.4563176	972.2673946	1040.063123	1116.164926	1120.896421	1168.696728	1227.334521	1258.098359	1321.532949	1369.25282	1438.813304	1488.285934	1512.631728	1521.773244	1589.653884	1685.92479	1718.483361	1803.140071	1905.140005	1876.639985	1935.516753	2045.885202	2073.938913	2103.143804	2111.636698	2149.19761	2297.607519	2346.073244	2395.219887	2379.475842	2379.475842	2379.475842
135	0	0	0	0	0	0	0	0	0	0	0	0	0	0	0	0	0	0	0	0	0	0	0	0	0	1519.728432	1608.645396	1607.980369	1649.295329	1649.254252	1539.757534	1375.720929	1243.416001	1137.706518	1093.791651	1104.013605	1099.610427	1071.359446	1082.43078	1059.500298	1069.931645	1089.334015	1116.780873	1160.883108	1222.130221	1278.196581	1326.551975	1367.493882	1458.683384	1410.575592	1410.575592
136	0	0	0	0	0	0	0	0	0	0	0	0	0	0	0	0	0	0	0	0	0	0	0	0	0	0	0	0	0	0	0	0	0	0	0	0	0	0	0	0	0	0	0	0	0	0	0	0	0	0	0
137	0	0	0	0	0	0	0	0	0	0	0	130.3304817	144.0427067	157.2760039	162.6055434	167.8706061	183.5656816	197.3767289	211.1277322	227.7540784	241.9900526	253.5815911	266.6601528	284.5102592	286.2903875	297.2940455	309.3967067	312.7630513	341.9992304	336.2321392	359.5481315	371.8606158	402.6121385	402.8302377	422.3408587	432.1799128	434.7513569	451.9166887	480.3315808	453.5161104	490.0456482	524.8684447	536.0235277	581.8883481	612.9548179	635.7824189	690.4743014	722.0939764	743.1328298	755.5669243	755.5669243
138	0	0	0	0	0	0	0	0	0	0	0	49.24699177	48.46987486	55.2949297	65.48229983	53.67096198	59.30949086	55.01641843	58.28262947	35.4628433	35.56872623	35.1239784	46.42127694	36.25039464	28.25916212	30.14629502	35.48905297	40.47825394	33.06784825	37.97250731	40.4515336	53.57881227	52.17148256	49.00842097	42.96084314	44.87414278	44.59908439	52.95810765	47.70021094	67.32073402	122.2483409	270.3908485	259.7392992	367.0704678	441.463662	445.0165727	454.4653522	473.1028274	462.4119572	453.35221	453.35221
139	0	0	0	0	0	0	0	0	0	0	0	20.62850158	22.0192344	23.6500374	23.29311389	26.20674795	28.43345091	30.82881987	32.33614167	34.15673314	35.35686902	31.76823518	33.70392831	34.22078076	37.00469824	44.14889932	44.22030666	44.50770033	39.50996705	42.36760305	46.42421022	42.95476063	46.38208827	53.0181516	56.3622174	59.57297475	59.9495399	66.96316687	67.32263807	70.67941935	78.20691735	71.24276124	81.05804405	88.95447409	89.97129775	84.54019353	93.44435195	94.59494542	99.49140022	103.6944858	103.6944858
140	0	0	0	0	0	0	0	0	0	0	0	0	0	0	0	0	0	0	0	0	0	0	0	0	0	0	0	0	0	0	0	1050.367833	1008.248464	1074.4165	947.7106864	939.8359647	1011.77266	960.1158075	1043.504889	1102.086726	1179.425046	1214.625705	1055.027648	1091.945495	1356.603089	1415.89874	1492.929706	1490.97909	1739.6663	1576.216349	1576.216349
141	0	0	0	0	0	0	0	0	0	0	0	0	0	0	0	0	0	0	0	0	0	0	0	0	0	0	0	0	0	0	0	0	0	0	0	0	0	0	0	0	0	0	0	0	0	0	0	0	0	0	0
142	0	0	0	0	0	0	0	0	0	0	0	6.070565567	7.617062219	5.79776139	7.195321755	6.655166439	8.984303326	9.845506172	10.52190239	11.56940315	12.36264092	14.08591865	17.36977046	18.51095409	19.95201601	22.08312869	25.5457919	27.76446498	29.91763082	32.37725223	34.85130599	36.92307063	36.8211916	38.35214089	41.20745437	43.80669633	46.07507237	46.27224615	48.76361027	54.22790461	57.70348491	62.84981728	65.32988678	67.66492513	70.81401496	72.72208781	78.50205857	81.48351309	77.00994397	90.95312659	90.95312659
143	1353.399561	1420.998368	1528.460105	1647.501254	1778.758143	1914.111427	2088.230572	2243.689475	2487.195601	2710.902314	2948.232226	3146.343312	3414.58474	3612.396756	3735.252861	3773.232841	4009.801074	4077.511547	4251.040023	4403.191338	4364.09894	4292.763389	4237.68602	4300.271455	4412.229617	4516.974883	4566.771891	4722.945789	4924.186992	5052.596134	5217.964152	5327.339084	5443.866122	5498.165255	5643.667472	5746.636481	5948.894761	6125.456526	6310.294305	6403.100285	6559.537517	6652.67372	6693.756595	6751.122414	7017.230734	6987.740342	7054.83222	7209.937237	7226.069622	6895.663913	6895.663913
144	0	0	0	0	0	0	0	0	0	0	0	0	0	0	0	0	0	0	0	0	0	0	0	0	0	0	0	0	0	0	0	0	0	0	0	0	0	0	0	0	0	0	0	0	0	0	0	0	0	0	0
145	0	0	0	0	0	0	0	0	0	0	0	0	0	0	0	0	0	0	0	0	0	0	0	0	0	0	0	0	0	0	0	0	0	0	0	0	0	0	0	0	0	0	0	0	0	0	0	0	0	0	0
146	2456.998314	2616.528926	2751.813054	3078.593997	3251.06383	3513.69863	3677.503737	3712.555066	3880.640466	4042.439372	4257.446809	4692.361598	5310.130944	5535.859269	5460.978836	5788.143829	6093.860495	6150.320513	6150.913169	6180.443873	6343.398651	6455.325914	6819.039235	7248.657541	7453.271028	7499.312242	7801.342691	7828.139183	7971.343284	8219.246616	8663.863109	8842.093216	8636.350766	8909.355579	8927.653932	9088.310557	9072.347267	9090.284022	9124.770642	9138.484003	9384.10493	9502.641412	9538.558946	9406.78387	9666.299694	9673.915673	9700.329781	9630.584396	9538.757057	9346.355253	9346.355253
147	0	0	0	0	0	0	0	0	0	0	0	221.6401696	240.8612949	219.5304483	257.9351974	265.9190869	300.6348394	332.4146743	320.9771302	246.3026043	254.7660686	263.3246628	272.5589197	288.4570843	290.6694014	283.7691358	280.0794484	294.3518615	271.7843249	303.0145856	284.6536726	275.883253	279.4185781	271.0949573	257.5068312	264.8241119	284.1650955	306.7485298	309.8606116	319.9372138	327.1771471	334.0691271	352.3174789	367.6059718	393.2030025	413.5068329	426.3199216	436.2241074	450.1757318	459.5261487	459.5261487
148	0	0	0	0	0	0	0	0	0	0	0	0	0	0	0	0	0	0	0	0	0	0	0	0	0	0	0	0	0	0	0	0	0	0	0	0	0	0	0	0	0	0	0	0	0	0	0	0	0	0	0
149	0	0	0	0	0	0	0	0	0	0	0	27.86600642	31.89818737	34.38090648	31.97411467	44.5341247	50.15842323	57.53165865	58.98726637	58.14106389	66.14741716	49.48187962	79.63714599	79.51192832	60.40034351	78.33043553	88.52171864	87.01481646	84.9443463	94.67748352	84.99051947	87.52213407	88.04743996	98.74055145	93.64126575	89.76983146	84.41789206	80.71574321	75.88357708	74.81098057	73.64465855	74.78805723	103.6643791	101.0317374	122.6544643	128.4406452	111.128212	138.3313759	126.910081	120.5076855	120.5076855
150	0	0	0	0	0	0	0	0	0	0	0	0	0	0	0	0	0	0	0	0	0	0	0	0	0	0	0	0	0	0	0	0	0	0	0	0	0	0	0	0	0	0	0	0	0	0	0	0	0	0	0
151	0	0	0	0	0	0	0	0	0	0	0	0	0	0	0	0	0	0	0	0	0	0	0	0	0	0	0	0	0	0	0	0	0	0	0	0	0	0	0	0	0	0	0	0	0	0	0	0	0	0	0
152	0	0	0	0	0	0	0	0	0	0	0	32.64988321	37.8075987	43.30039754	36.76494229	54.16901232	62.33490208	69.35778196	65.28557986	86.77623122	96.33267582	101.4574064	108.3745094	107.8248172	108.3244912	120.0338223	123.0948651	125.37144	126.2457752	135.1411214	138.3118618	141.8302682	144.7713854	138.0376856	144.1539275	143.5685248	143.47419	138.9073233	127.08265	132.0545652	117.9651079	120.8821276	150.4337675	150.3165264	176.0091316	167.0866488	160.1824319	155.5489365	155.5489365	155.5489365	155.5489365
153	7681.65746	8404.155125	9390.766694	9657.485683	10554.41256	11416.86812	11656.00853	12255.48217	13485.9911	13218.90418	13449.83234	14084.55035	14488.43122	15540.26761	16287.82936	16315.1984	16914.05862	16516.20084	17313.37768	18860.05401	18701.05109	19429.7561	19356.74362	20474.7157	21940.33816	22556.46521	22168.86544	22799.61786	22982.65621	22858.76508	23353.76636	23808.80869	23787.32736	23967.06865	24247.33662	24523.85321	24000.68478	24331.87257	25421.02888	25067.93722	24993.54264	25594.94793	24621.19877	23201.39413	24214.10698	25083.21453	24099.93226	24855.00046	24866.13431	23549.68992	23549.68992
154	0	0	0	0	0	0	0	0	0	0	0	0	0	0	0	0	0	0	0	0	0	0	0	0	0	0	0	0	0	0	0	0	0	0	0	0	0	0	0	0	0	0	0	0	0	0	0	0	0	0	0
155	0	0	0	0	0	0	0	0	0	0	0	14.51072474	29.22483043	50.03813883	93.43283931	150.2862117	247.4412565	356.6776876	390.4410183	472.9110632	609.4789209	736.88371	877.6907653	1019.331456	1209.254922	1429.244593	1744.044089	1789.979709	1918.935655	1924.508939	2121.45788	2095.486384	2192.109096	2397.560706	2458.972455	2549.262596	2595.26371	2764.211644	3049.091702	3076.483205	3345.16552	3572.790282	3773.111338	3878.907536	4110.857339	4449.456886	4572.355478	4762.63545	5169.583343	5723.891199	5723.891199
156	0	0	0	0	0	0	0	0	0	0	0	91.49035794	88.98623972	98.97461739	104.8047099	108.4948298	105.1645998	107.2638783	118.3610952	135.7523147	131.9250659	143.1193611	154.1991635	165.4372179	177.507593	192.0595686	206.6437391	220.1115925	246.0684865	254.5722027	267.0220905	286.3527076	321.8193584	323.0688876	333.2452022	345.2228877	346.2745362	349.0124594	330.3866732	341.3962555	356.893286	362.9151503	370.081914	395.2660409	414.6668333	447.9611245	472.6235465	468.7750957	432.6207784	449.3227627	449.3227627
157	0	0	0	0	0	0	0	0	0	0	0	119.2497283	115.9003245	124.5761704	130.9542729	139.5463096	140.7912688	144.2286017	159.4059151	177.1417859	181.2635427	188.0333876	200.0294028	215.0280562	230.4652927	233.9867154	251.3333268	272.3089767	303.5899412	307.6163974	325.3955915	345.6528325	401.0747917	406.8736142	420.5768944	436.7968588	442.2147761	452.9950659	464.5258397	455.1745135	459.8938784	477.5121636	487.8023635	509.3450288	528.2757175	565.8802528	580.338703	552.5586391	552.5586391	552.5586391	552.5586391
158	0	0	0	0	0	0	0	0	0	0	0	528.8616077	575.4353062	635.8993888	623.5147688	641.6968596	683.6176754	723.3002307	704.027942	806.2296706	783.3985056	798.6944648	849.0696692	918.3228877	873.0301174	908.872356	935.4637825	982.8219622	888.7317354	849.6226974	851.8472834	898.1855031	931.930168	980.6699065	1035.493878	1087.814904	1110.290707	1201.911003	1209.168579	1249.122304	1298.320843	1305.501662	1335.56068	1398.467157	1463.244928	1496.45449	1502.76985	1588.934522	1642.454529	1735.462684	1735.462684
159	0	0	0	0	0	0	0	0	0	0	0	0	0	0	0	0	0	0	0	0	0	0	0	0	0	0	0	0	0	0	0	0	0	0	0	0	0	0	0	0	0	0	0	0	0	0	0	0	0	0	0
160	0	0	0	0	0	0	0	0	0	0	0	81.35634788	88.62945483	104.1477399	112.2795417	115.9830743	129.8268256	156.7661917	186.7856894	213.6931617	240.7060544	263.7120374	260.2177559	265.2233926	290.6236299	292.0130378	333.4372971	382.4436643	428.9660973	444.4120806	501.9015707	522.0090067	555.6824748	623.3714912	697.7111489	780.3368461	791.2092393	828.1734518	835.276783	853.7120136	880.6897451	866.3491825	875.8768877	829.4933149	816.3355588	848.788772	901.5415745	959.4242474	1003.171305	1055.994016	1055.994016
161	0	0	0	0	0	0	0	0	0	0	0	398.6072861	416.7994194	420.0592562	436.2543667	444.3377054	451.9397456	479.8735516	472.8726183	482.8329077	504.9508204	531.5457654	556.016347	520.3617426	556.7117279	549.4829911	572.2515859	597.0381894	559.5734933	556.9651238	549.9056814	583.1734063	479.79728	527.0193247	538.357479	551.2196311	593.3933451	610.6856365	645.2375393	657.2580564	681.5821289	706.9470145	741.4429872	765.5943739	803.7579281	838.8618519	890.2840544	972.4818628	1045.977109	1135.714097	1135.714097
162	0	0	0	0	0	0	0	0	0	0	0	238.1246369	263.0931665	325.1565596	312.5083335	317.5617362	332.323233	331.1192612	331.2544085	348.0303899	376.1479892	339.5310088	340.1834929	364.493003	343.1230541	351.8778446	312.8718797	320.8608888	344.7206092	362.3165558	362.6072204	355.8845888	337.1367349	337.6105803	380.1453385	401.8604416	431.9975575	466.1236749	482.5580175	471.4972212	503.7513599	523.4891389	527.0591683	560.5512626	580.5565523	581.555557	572.7747198	586.5928559	589.3218378	593.4587373	593.4587373
163	0	0	0	0	0	0	0	0	0	0	0	0	0	0	0	0	0	0	0	0	0	0	0	0	0	0	0	0	0	0	0	0	0	0	0	0	0	0	0	0	0	0	0	0	0	0	0	0	0	0	0
164	906.9043672	987.8858668	1061.634349	1093.44759	1166.233433	1248.983998	1360.811408	1486.069371	1592.230305	1701.551221	1814.517617	1954.488645	2110.953187	2264.334742	2412.335639	2592.645935	2740.789244	2871.174131	2984.290203	3009.019485	3076.086345	2883.934043	2900.405775	3044.816931	3158.964079	3260.328468	3384.370995	3520.337723	3564.999208	3537.786792	3271.614007	3088.373723	2961.316001	2977.898541	2993.103913	3061.475707	3159.562898	3206.209573	3206.370845	3171.943712	3239.657441	3260.033263	3208.392157	3324.471392	3416.118632	3437.323998	3584.962188	3661.646104	3725.748778	3590.832081	3590.832081
165	317.1159889	349.8702112	378.0571631	407.527308	455.1383941	479.9044792	532.4521342	558.0577831	595.824511	655.6962582	733.1770638	835.261453	911.4818677	994.7874435	1080.991547	1075.882547	1137.039017	1249.074564	1343.691149	1466.514854	1558.570551	1567.353568	1644.756091	1740.61982	1775.553108	1875.461973	1978.882596	2065.139083	2213.182183	2415.71903	2564.268391	2683.442375	2812.907759	2800.581512	2868.973795	3076.593198	3198.707111	3359.103975	3555.928522	3811.578534	4013.950546	4147.576425	4292.271433	4383.169358	4525.722317	4662.529442	4799.163746	4860.423431	4821.503363	4814.586096	4814.586096
166	0	0	0	0	0	0	0	0	0	0	0	0	0	0	0	0	0	0	0	0	0	0	0	0	0	0	0	0	0	0	0	0	0	0	0	0	0	0	0	0	0	0	0	0	0	0	0	0	0	0	0
167	0	0	0	0	0	0	0	0	0	0	0	2664.749175	3064.375092	2981.980319	3022.140464	3838.241164	4176.565922	5026.127004	6377.765626	8790.614162	9806.22219	10026.85765	10108.47408	9607.166392	9643.432388	10146.5737	10345.59553	9881.968681	9664.382756	9553.233076	9642.786275	9071.783255	9981.48315	10579.54499	11017.39759	10997.84391	12066.22666	12210.96585	13840.40173	14017.232	14385.14139	15223.90171	16303.17236	17100.22953	17223.05655	16293.82231	16217.33229	15340.45385	14387.63377	14420.76901	14420.76901
168	0	0	0	0	0	0	0	0	0	0	0	298.197781	346.0627011	399.058526	460.0954335	501.714804	577.9240704	659.2332198	779.5179745	880.5616241	913.6239639	971.7997056	1027.869603	1140.716612	1250.235114	1340.121551	1481.084887	1676.12748	1923.097082	2098.607834	2373.230073	2590.505685	2831.688157	3101.098602	3510.314265	3881.023662	4280.680945	4651.586369	4436.126774	4878.79958	5906.973281	6310.957197	6677.124018	6982.176811	7397.48954	7803.855582	8063.316562	8501.960542	8853.087004	8979.711572	8979.711572
169	0	0	0	0	0	0	0	0	0	0	0	0	0	0	0	0	0	0	0	0	0	0	0	0	0	0	0	0	0	0	3235.38961	3436.589315	2962.793206	2402.42915	1980.508933	1752.061645	1714.130851	1577.4711	1455.607264	1226.762058	1004.784058	1123.239689	1184.358301	1365.396863	1435.653372	1539.282295	1620.685424	1352.845925	1310.044769	1018.06062	1018.06062
170	0	0	0	0	0	0	0	0	0	0	0	1631.411822	1786.284663	1907.624352	2019.021351	2219.675218	2430.663061	2561.686213	2676.504232	2699.292453	2877.482996	2954.458015	2926.950796	2975.87904	3082.077348	3134.081408	3320.991982	3277.027027	3393.163876	3413.398411	2923.945361	2501.013586	2320.11058	2272.951	2234.657516	2329.130109	2431.48443	2250.997606	2107.852286	1936.771379	1987.657622	2066.781131	2072.867615	2220.677543	2270.890007	2331.012998	2401.649164	2451.956718	2487.633184	2266.71746	2266.71746
171	0	0	0	0	0	0	0	0	0	0	0	0	0	0	0	0	0	0	0	0	0	0	0	0	0	0	0	0	0	0	6673.178594	6541.171009	6107.47937	5724.091032	5190.729155	5109.63879	5030.743406	4956.104383	4873.498118	5029.772605	5208.847392	5275.335484	5304.66375	5479.993304	5642.373323	5784.966818	6122.05614	6317.241379	6435.406833	6135.572788	6135.572788
172	0	0	0	0	0	0	0	0	0	0	0	0	0	0	0	0	0	0	0	0	0	0	0	0	0	0	0	0	0	0	0	0	0	0	0	0	0	0	0	0	0	0	0	0	0	0	0	0	0	0	0
173	0	0	0	0	0	0	0	0	0	0	0	0	0	0	0	0	0	0	0	0	0	0	0	0	0	0	0	0	0	0	0	0	0	0	0	0	0	0	0	0	0	0	0	0	0	0	0	0	0	0	0
174	0	0	0	0	0	0	0	0	0	0	0	0	0	0	0	0	0	0	0	0	0	0	0	0	0	0	0	0	0	0	0	0	0	0	0	0	0	0	0	0	0	0	0	0	0	0	0	0	0	0	0
175	0	0	0	0	0	0	0	0	0	0	0	0	0	0	0	0	0	0	0	0	0	0	0	0	0	0	0	0	0	0	0	0	0	0	0	0	0	0	0	0	0	0	0	0	0	0	0	0	0	0	0
176	0	0	0	0	0	0	0	0	0	0	0	0	0	0	0	0	0	0	0	0	0	0	0	0	0	0	0	0	0	0	0	0	0	0	0	0	0	0	0	0	0	0	0	0	0	0	0	0	0	0	0
177	0	0	0	0	0	0	0	0	0	0	0	0	0	0	0	0	0	0	0	0	0	0	0	0	0	0	0	0	0	0	0	0	0	0	0	0	0	0	0	0	0	0	0	0	0	0	0	0	0	0	0
178	0	0	0	0	0	0	0	0	0	0	0	0	0	0	0	0	0	0	0	0	0	0	0	0	0	0	0	0	0	0	0	0	0	0	0	0	0	0	0	0	0	0	0	0	0	0	0	0	0	0	0
179	0	0	0	0	0	0	0	0	0	0	0	0	0	0	0	0	0	0	0	0	0	0	0	0	0	0	0	0	0	0	0	0	0	0	0	0	0	0	0	0	0	0	0	0	0	0	0	0	0	0	0
180	0	0	0	0	0	0	0	0	0	0	0	0	0	0	0	0	0	0	0	0	0	0	0	0	0	0	0	0	0	0	0	0	0	0	0	0	0	0	0	0	0	0	0	0	0	0	0	0	0	0	0
181	0	0	0	0	0	0	0	0	0	0	0	0	0	0	0	0	0	0	0	0	0	0	0	0	0	0	0	0	0	0	0	0	0	0	0	0	0	0	0	0	0	0	0	0	0	0	0	0	0	0	0
182	0	0	0	0	0	0	0	0	0	0	0	327.6003548	362.6881514	420.3804806	508.7467403	539.8496155	731.4269388	839.2147672	1108.161974	1599.107043	1948.992371	2220.125331	2622.461369	2702.259283	3022.381104	3046.863884	3383.370318	3650.418977	3762.866875	3875.819423	4041.315187	4147.449238	4421.41302	4767.55288	4860.699342	4969.163434	5032.931418	5232.263753	5621.123384	5789.184625	5839.779906	6097.11755	6145.811746	6536.920158	6330.209138	6553.148365	6759.669857	6855.543971	7126.937472	7427.215493	7427.215493
183	0	0	0	0	0	0	0	0	0	0	0	76.57709825	77.32800182	82.87585419	82.33156102	85.6748335	89.16575058	94.56368099	100.3093875	105.315337	106.2047591	109.5441954	99.2211403	109.201428	114.0126128	108.1446218	105.6021636	107.4684366	108.6750082	104.5917932	107.7114047	106.6800043	113.5703419	108.5270143	114.3293619	113.512464	114.1778248	121.7561711	126.3922096	122.178468	105.7242363	128.0889811	151.149424	130.5113364	143.3659103	163.4487709	162.5848994	187.4565183	163.9076813	196.0044983	196.0044983
184	0	0	0	0	0	0	0	0	0	0	0	0	0	0	0	0	0	0	0	0	0	0	0	0	0	0	0	0	0	0	4628.658054	4411.480487	4274.546966	3479.534039	3411.148105	3734.339068	4083.732959	4261.512883	4302.99911	3979.363962	4198.715706	4434.370241	4478.248157	4332.679062	4258.251568	3921.906459	4040.44002	4159.137225	4291.843742	4224.397665	4224.397665
185	0	0	0	0	0	0	0	0	0	0	0	0	0	0	0	0	0	0	0	0	0	0	0	0	0	0	0	0	0	0	3889.068288	3764.291159	3497.028944	3058.912387	3019.852736	3183.967492	3238.283404	3436.86915	3474.680636	3080.966433	3162.575266	3272.778088	3288.005252	3339.565628	3579.937304	3480.011449	3480.679324	3484.686576	3484.686576	3484.686576	3484.686576
186	0	0	0	0	0	0	0	0	0	0	0	0	0	0	0	0	0	0	0	0	0	0	0	0	0	0	0	0	0	0	0	0	0	0	0	0	0	0	0	0	0	0	0	0	0	0	0	0	0	0	0
187	0	0	0	0	0	0	0	0	0	0	0	1154.756271	1371.282528	1599.179207	1634.080717	1727.794962	1884.866986	2073.978495	2367.884452	2528.942953	2718.309859	2778.52349	2813.751417	3045.878404	3255.856515	3444.078947	3694.109038	4088.288288	4399.156711	4639.031047	4983.262225	5104.781347	5236.636023	5499.924551	5842.644048	6069.229678	6312.692402	6829.293994	6965.777144	7187.713138	7575.411505	7516.191397	7756.226054	8113.638573	8314.253486	8507.196774	8520.016358	8513.707885	8184.898954	7948.913305	7948.913305
188	0	0	0	0	0	0	0	0	0	0	0	2679.311097	2815.760987	3018.04899	3131.276596	3111.64096	3243.87204	3385.166974	3430.131446	3775.858606	4354.673675	4378.016934	4407.541982	4489.3422	4592.971444	4812.432599	4904.081321	5057.797414	5125.469088	5245.233151	5559.151997	5134.77191	4697.823424	4571.04759	4581.751538	4924.421236	5149.993682	5068.143995	4682.175104	5029.54988	4955.907896	5027.452807	5049.584909	5015.979792	5088.214671	4919.806029	5135.577731	5250.200192	5267.610521	4924.712887	4924.712887
189	0	0	0	0	0	0	0	0	0	0	0	0	0	0	0	0	0	0	0	0	0	0	0	0	0	0	0	0	0	0	5335.068315	5081.680572	4942.902935	5013.727883	5241.590829	5312.562814	5359.116022	5434.662198	5571.976193	5668.597331	5777.777778	6006.526104	6382.647944	6578.143412	6830.746427	6917.860467	7123.537771	7137.824175	6920.244039	6103.441294	6103.441294
190	0	0	0	0	0	0	0	0	0	0	0	0	0	0	0	0	0	0	0	0	0	0	0	0	0	0	0	0	0	0	0	0	0	0	0	0	0	0	0	0	0	0	0	0	0	0	0	0	0	0	0
191	0	0	0	0	0	0	0	0	0	0	0	0	0	0	0	0	0	0	0	0	0	0	0	0	0	0	0	0	0	0	0	0	0	0	0	0	0	0	0	0	0	0	0	0	0	0	0	0	0	0	0
192	0	0	0	0	0	0	0	0	0	0	0	2246.13587	2405.272716	2530.868852	2668.972134	2801.116144	2950.361005	3036.24311	3199.999183	3439.022811	3644.437192	3819.299919	3902.789933	3951.419235	4211.718744	4298.119196	4385.689308	4348.120424	4428.302764	4449.595744	4431.477273	4383.645329	4205.47542	4251.851035	4330.774382	4433.588957	4521.772083	4585.000024	4455.47526	4394.028165	4416.568182	4365.48973	4527.368678	4619.366771	4651.60324	4703.902578	4796.971759	4938.404944	4759.492044	4532.021902	4532.021902
193	494.7930818	550.3512881	612.3861332	661.8991495	742.7103363	820.3200549	922.7634747	1031.434245	1155.718129	1294.133485	1417.330294	1536.531149	1711.245936	1883.309394	2037.129769	2068.393636	2268.748087	2303.599417	2404.698461	2534.628652	2651.66105	2672.531199	2661.25504	2795.860549	2907.689494	2979.847948	3009.397959	3100.157994	3224.264041	3448.256294	3539.602431	3610.231888	3699.086843	3654.4831	3780.333096	3950.846726	4050.747059	4376.313715	4535.700169	4876.290661	5206.913509	5439.822006	5592.420962	5700.88919	5924.085858	6147.128391	6396.118853	6334.841427	6392.589681	6006.34818	6006.34818
194	0	0	0	0	0	0	0	0	0	0	0	57.36627005	63.91775416	66.18514035	66.74448853	70.67011415	72.29839146	74.27242343	80.77252544	88.82827419	94.47866045	100.2101017	109.5596557	114.8744747	117.9780834	127.8803459	136.4424199	137.0733173	141.0107149	138.2347591	151.3521794	157.6139269	166.0566275	182.532	199.7266956	215.9137898	204.7916	230.3527675	249.9176801	263.7813533	295.3307651	290.670113	301.9740258	323.8021476	350.3206734	394.1028506	395.7218772	411.3994344	378.9233254	408.4833323	408.4833323
195	0	0	0	0	0	0	0	0	0	0	0	24.56173437	25.839157	30.47621223	35.15816236	36.30576788	36.94930261	37.89921628	39.54194904	38.86263731	34.97606929	32.38467285	33.41023901	31.42509515	42.00150594	44.81204385	49.58966826	50.21095474	44.23400985	41.54493678	48.38800568	46.53921133	46.47243867	44.39680198	45.76553689	45.15422057	45.65278913	42.82506795	41.5984036	61.5247573	63.47306661	53.36802217	62.70921102	66.45119741	67.11347299	79.30160436	88.42043809	95.60694745	104.0681948	114.2700855	114.2700855
196	0	0	0	0	0	0	0	0	0	0	0	0	0	0	0	0	0	0	0	0	0	0	0	0	0	0	0	0	0	0	0	0	0	0	0	0	0	0	0	0	0	0	0	0	0	0	0	0	0	0	0
197	0	0	0	0	0	0	0	0	0	0	0	0	0	0	0	0	0	0	0	0	0	0	0	0	0	0	0	0	0	0	0	0	0	0	0	0	0	0	0	0	0	0	0	0	0	0	0	0	0	0	0
198	0	0	0	0	0	0	0	0	0	0	0	0	0	0	0	0	0	0	0	0	0	0	0	0	0	0	0	0	0	0	0	0	0	0	0	0	0	0	0	0	0	0	0	0	0	0	0	0	0	0	0
199	4004.811763	4355.452128	4613.726527	4728.958443	5189.531393	5521.075769	5632.044057	6017.920691	6511.49861	7017.946787	7315.802561	7674.611015	8132.23344	8744.746221	8785.320426	9050.897107	9751.885186	9827.799321	10142.94345	10693.87509	10704.09146	11112.98077	11440.6006	12606.04969	13692.33537	14951.01796	14858.06452	15744.01714	15896.75202	15680.79595	15835.72847	15932.87999	15544.53161	15506.73273	15290.69436	15467.89718	15430.73618	15404.8218	15520.68506	15471.69598	15687.11241	16024.51091	15711.11609	15364.00179	15423.60905	15440.42358	15262.58727	15257.93575	14869.34898	14141.72048	14141.72048
200	3055.952122	3226.168568	3277.897381	3351.598174	3454.655381	3586.577869	3653.430213	3749.499332	3852.010547	4022.97914	4247.32727	4534.629981	4683.476899	4913.854766	4947.85038	4828.259173	5048.061771	5286.391655	5472.305507	5727.601952	5992.720367	6119.767076	6189.641684	6330.269512	6600.900342	6854.714065	6994.618696	7163.330787	7230.628711	7369.189108	7507.300358	7600.294118	7496.145455	7304.410493	7280.812125	7398.096861	7427.198191	7369.356659	7482.841069	7769.887955	7845.664907	8033.40839	8001.021454	8195.169504	8205.877888	8305.505562	8360.442516	8163.428007	8305.792283	8021.094469	8021.094469
201	0	0	0	0	0	0	0	0	0	0	0	175.749165	201.0871319	181.8733121	210.3530999	236.1472536	229.6109101	223.5733397	288.8843636	316.8438267	357.4899936	415.5237324	523.1630301	603.6435675	593.1018386	622.4122099	611.0736731	595.4430721	633.6883538	683.5043222	695.6279866	707.4760072	709.0025333	693.7375877	759.1234026	842.6286401	907.6480819	933.802283	983.4658788	1041.750078	1093.033295	1165.85149	1242.415957	1288.671583	1264.940671	1360.789547	1432.749427	1439.613866	1514.529961	1562.821916	1562.821916
202	0	0	0	0	0	0	0	0	0	0	0	0	0	0	0	0	0	0	0	0	0	0	0	0	0	0	0	0	0	0	0	0	0	0	0	0	0	0	0	0	0	0	0	0	0	0	0	0	0	0	0
203	0	0	0	0	0	0	0	0	0	0	0	0	0	0	0	0	0	0	0	0	0	0	0	0	0	0	0	0	0	0	3346.311778	3189.460368	2981.325855	2562.981439	2516.934316	2400.697856	2323.5877	2044.008416	2086.044439	2193.219564	2176.805463	2172.773521	2188.580658	2207.765401	2251.874476	2261.49965	2268.173203	2216.998116	2116.891253	1985.290541	1985.290541
204	0	0	0	0	0	0	0	0	0	0	0	120.1964127	140.0680156	161.2406875	165.5155523	183.5423201	206.4059534	233.2088661	261.2627926	278.1537004	289.9164648	298.2441974	319.4292869	347.6195652	378.9179819	403.5455674	432.0791683	479.7807587	533.8580313	609.3455886	703.1637093	785.5104282	887.0097121	1002.792223	1101.634473	1249.535689	1377.125766	1408.119428	1357.435616	1355.966119	1443.432161	1496.28603	1603.207008	1692.084003	1797.764327	1878.003732	1961.654211	2030.711018	2051.869645	2044.825059	2044.825059
205	0	0	0	0	0	0	0	0	0	0	0	0	0	0	0	0	0	0	0	0	0	0	0	0	0	0	0	0	0	0	2788.902838	2807.402222	3050.254231	2667.224867	2747.362419	2825.589615	2944.838627	3020.180596	3101.780563	2889.298203	2932.669551	2838.188063	2791.932768	3148.209973	3180.460385	3411.005005	3485.405202	3652.482858	3702.758165	3441.806056	3441.806056
206	0	0	0	0	0	0	0	0	0	0	0	0	0	0	0	0	0	0	0	0	0	0	0	0	0	0	0	0	0	0	0	0	0	0	0	0	0	0	0	0	0	0	0	0	0	0	0	0	0	0	0
207	0	0	0	0	0	0	0	0	0	0	0	64.65512265	62.02102243	56.17933145	72.56423545	75.22117758	70.77839777	107.648659	121.9550219	77.84458367	64.11888466	68.69851927	75.88786163	68.83038193	78.54742252	79.71336088	78.97499033	83.31944676	83.43009306	88.6927886	93.57499872	87.51917817	97.31619208	72.35388748	80.84756368	104.2714072	107.6332145	108.9818269	109.5513439	116.3252238	97.84074447	101.7023058	98.99188643	106.1843794	111.0003209	113.5345792	113.0217718	107.2033012	110.4410597	110.8125423	110.8125423
208	0	0	0	0	0	0	0	0	0	0	0	0	0	0	0	0	0	0	0	0	0	0	0	0	0	0	0	0	0	0	0	0	0	0	0	0	0	0	0	0	0	0	0	0	0	0	0	0	0	0	0
209	0	0	0	0	0	0	0	0	0	0	0	69.356301	66.46126761	43.31046312	55.67182922	55.55555556	47.46709214	81.06001559	89.76797261	39.24472418	18.31238779	18.39639014	26.09568418	17.71336554	45.89147287	33.1838565	30.88023088	30.95370887	32.11875843	33.51662739	40.24452369	70.32803181	40.57337221	68.67870722	57.29529112	69.72021661	52.02185792	30.40540541	61.3159503	42.10940575	33.35239184	22.76091784	27.37259139	30.88803089	31.83296252	31.54205607	35.96419854	31.11111111	31.11111111	31.11111111	31.11111111
210	0	0	0	0	0	0	0	0	0	0	0	1013.625126	1126.276955	1113.52066	1152.403341	1137.200741	1271.332339	1409.332612	1489.097169	1748.119946	1887.404934	2083.737821	2412.612163	2552.710618	2598.417438	2577.734953	2777.187066	2915.073467	2628.152618	2529.922794	2696.845891	2660.441272	2854.704305	2816.040656	2881.88348	3085.355422	3224.176834	3596.349552	3707.675067	3744.742091	3916.232863	4021.70611	4007.449431	4689.659397	4625.284788	5069.994663	4927.22759	5668.823057	5645.961053	5661.694662	5661.694662
211	0	0	0	0	0	0	0	0	0	0	0	154.1813088	174.9042645	192.2538445	206.7814863	216.5389414	241.0167872	274.5473968	302.9982869	354.103895	402.0989975	422.4137374	410.4513009	450.5342118	467.1603232	511.1316112	530.7880719	553.9541618	586.1826606	611.2811669	638.4283332	651.7034935	687.4050342	710.2594312	764.230778	774.8813843	785.9791183	826.1530114	868.1816721	947.4507979	991.2688869	1048.213695	1075.864607	1118.112157	1157.424188	1204.806062	1220.391197	1250.158923	1289.779163	1311.257136	1311.257136
212	90.05496655	94.41286601	109.0316729	117.2386631	128.3838994	139.9271355	152.5972213	166.2258126	180.6537145	201.6642079	218.6994455	242.7318663	272.9247625	294.1015767	309.5503846	355.7839561	417.9077126	459.3586884	477.6312032	486.9633214	494.0912204	517.5713685	541.3218188	552.9152007	610.5373334	656.1992468	695.0295889	767.4323125	805.7040811	871.3214511	926.1177129	961.3051872	1039.453808	1109.199672	1138.638413	1219.44157	1319.498329	1430.246774	1509.928125	1546.274604	1642.6766	1604.185265	1659.699999	1765.149244	1885.509811	2006.803732	2169.393639	2333.855873	2405.457243	2297.796855	2297.796855
213	0	0	0	0	0	0	0	0	0	0	0	0	0	0	0	0	0	0	0	0	0	0	0	0	0	0	0	0	0	0	2292.802617	2208.172624	2007.484339	2072.688385	1676.957606	1569.71927	1445.512678	1176.662959	1560.533052	1416.811648	1697.909037	1774.707106	1771.485924	1769.826967	1933.668897	2057.567664	2166.458032	2334.094763	2330.637875	2445.944231	2445.944231
214	0	0	0	0	0	0	0	0	0	0	0	0	0	0	0	0	0	0	0	0	0	0	0	0	0	0	0	0	0	0	3983.097056	3948.588843	3395.05537	3164.78838	2562.5	2340.577979	2368.112544	2193.533487	2146.341463	1994.597028	2186.805864	2323.69689	2309.020285	2295.918367	2496.857981	2647.119554	2779.474649	2989.752863	2989.752863	2989.752863	2989.752863
215	0	0	0	0	0	0	0	0	0	0	0	0	0	0	0	0	0	0	0	0	0	0	0	0	0	0	0	0	0	0	3983.097056	3948.588843	3395.05537	3164.78838	2562.5	2340.577979	2368.112544	2193.533487	2146.341463	1994.597028	2186.805864	2323.69689	2309.020285	2295.918367	2496.857981	2647.119554	2779.474649	2989.752863	2989.752863	2989.752863	2989.752863
216	0	0	0	0	0	0	0	0	0	0	0	0	0	0	0	0	0	0	0	0	0	0	0	0	0	0	0	0	0	0	0	0	0	0	0	0	0	0	0	0	0	0	0	0	0	0	0	0	0	0	0
217	0	0	0	0	0	0	0	0	0	0	0	0	0	0	0	0	0	0	0	0	0	0	0	0	0	0	0	0	0	0	4787.481693	4643.265748	4313.535067	3953.279499	3475.161428	3348.928405	3060.372165	2958.585787	2839.485738	2792.141058	2778.43711	2790.534424	2844.810954	2997.974398	3151.147696	3246.035731	3399.522311	3528.924829	3534.357152	3200.465548	3200.465548
218	0	0	0	0	0	0	0	0	0	0	0	693.5041775	1347.299825	1751.263206	1933.71993	2385.887839	2890.821442	3791.997616	4226.331457	5005.326651	5771.342651	6143.827834	7163.001929	7749.250013	7998.373742	8273.535953	8340.63556	8373.648949	8565.362323	8311.920207	8593.740497	8267.829504	8443.990974	9319.867427	9673.172174	9669.415752	9763.203708	10152.74103	11467.62272	12510.01885	12722.30575	12724.16684	13447.35952	13578.523	13381.74903	13825.79867	13272.91663	13050.31263	12205.67126	11463.62888	11463.62888
219	2413.380941	2553.354669	2778.465811	3003.487179	3127.984294	3330.064397	3426.147905	3505.904401	3762.433441	4004.940409	4169.27308	4252.235016	4371.784587	4669.3524	4533.768405	4492.405649	4587.688433	4668.423086	4729.849387	4922.915645	4683.932656	4572.953846	4480.335333	4549.175207	4597.739693	4826.714441	4953.653489	5082.439717	5232.737649	5295.224434	5356.57521	5451.677171	5452.393239	5491.989118	5380.264265	5575.808489	5815.828404	5831.957447	5908.87149	6007.484416	6114.529259	6143.199664	6147.391939	6182.9802	6151.062742	6289.404044	6226.158348	6152.182587	6055.492403	5692.476745	5692.476745
220	0	0	0	0	0	0	0	0	0	0	0	30.18979699	31.9893288	33.57151982	33.79669922	34.23459396	34.86656263	34.9071379	34.23438305	36.66260525	36.60535822	37.54956517	35.53286813	33.70388121	34.32062164	36.02112568	40.35489578	40.74941008	44.34013809	46.63618959	51.14019679	54.23160107	52.91859842	51.93180452	49.33901037	56.97352621	61.59212725	56.69075998	60.45323687	56.17925913	58.17000513	60.28569462	62.70844558	55.20779837	63.67278266	69.60928973	69.48269632	82.08300416	84.31977095	85.67541521	85.67541521
221	4049.786629	4182.175501	4433.606021	4690.486256	4970.446456	5234.685002	5590.33374	5888.340915	6385.459329	6904.8338	7236.657043	7517.304646	8076.409269	8573.194154	8449.928456	8522.394003	8968.775655	9337.724018	9560.54541	9700.695386	9862.365497	9976.693715	9544.460943	9742.005714	10282.37464	10414.2079	10424.4273	10886.85826	11298.33251	11531.93231	11713.3317	12134.17213	12014.95825	12261.52378	12455.16217	12659.60763	12854.29891	12889.83228	13154.76303	13281.86998	13670.58744	13041.44071	13287.92164	13297.49661	13377.5926	13693.62272	13573.57339	13641.65396	13650.80903	12903.80675	12903.80675
222	0	0	0	0	0	0	0	0	0	0	0	0	0	0	0	0	0	0	0	0	0	0	0	0	0	0	0	0	0	0	0	0	0	0	0	0	0	0	0	0	0	0	0	0	0	0	0	0	0	0	0
223	0	0	0	0	0	0	0	0	0	0	0	732.1893954	695.9181546	705.331848	703.0714838	762.3548672	806.5194654	846.9277076	918.957161	934.3750896	1004.225845	1037.525427	1038.224683	1039.268118	1041.625578	1071.820261	1106.619652	1159.741616	1253.517574	1206.563238	1244.724395	1345.196957	1366.263594	1455.130334	1487.028574	1578.767271	1642.070635	1739.460641	1816.861743	1926.527391	2042.80876	2011.572861	2009.353604	1897.056133	1942.011041	2011.662804	2232.033757	2424.857983	2599.239604	2670.901523	2670.901523
224	0	0	0	0	0	0	0	0	0	0	0	0	0	0	0	0	0	0	0	0	0	0	0	0	0	0	0	0	0	0	2383.227694	2324.980909	2128.350972	2018.229879	1924.476024	1844.195743	1827.771798	1815.819496	1779.884412	1739.631148	1780.486815	1752.353106	1775.773787	1758.507805	1759.446368	1711.329863	1749.918824	1658.379175	1646.353295	1635.928851	1635.928851
225	0	0	0	0	0	0	0	0	0	0	0	0	0	0	0	0	0	0	0	0	0	0	0	0	0	0	0	0	0	0	0	0	0	0	0	0	0	0	0	0	0	0	0	0	0	0	0	0	0	0	0
226	0	0	0	0	0	0	0	0	0	0	0	1117.422217	1174.481463	1223.316726	1274.511293	1279.234938	1335.42948	1437.100261	1572.791635	1861.38081	2038.936111	2257.706993	2072.265465	2219.682552	2339.423091	2317.983963	2315.852381	2430.031415	2594.154562	2480.28069	2462.936709	2536.812398	2676.121787	2684.389944	2652.365287	2638.116409	2659.14141	2686.005488	2655.960364	2588.385637	2654.600798	2719.321623	2745.479778	2646.023214	2782.753473	2874.854197	3050.719544	2997.525743	3091.7845	3151.564262	3151.564262
227	0	0	0	0	0	0	0	0	0	0	0	41.02962194	38.33944345	40.0001648	34.42203649	39.43368728	46.91030428	53.8620296	54.59196673	53.41085851	54.56238361	55.11460472	57.85921202	57.54145977	67.01141732	70.34382007	73.41200684	80.14574899	87.17575834	94.15814987	98.09639076	102.0040927	105.4636881	116.333666	134.4732402	159.301623	186.9958596	210.6130117	241.1727053	261.3689624	295.0371566	335.3429745	387.0317217	443.0683349	505.9081973	577.630517	655.3118961	735.8013609	809.5058522	917.5747402	917.5747402
228	0	0	0	0	0	0	0	0	0	0	0	0	0	0	0	0	0	0	0	0	0	0	0	0	0	0	0	0	0	0	0	0	0	0	0	0	0	0	0	0	0	0	0	0	0	0	0	0	0	0	0
229	0	0	0	0	0	0	0	0	0	0	0	0	0	0	0	0	0	0	0	0	0	0	0	0	0	0	0	0	0	0	0	0	0	0	0	0	0	0	0	0	0	0	0	0	0	0	0	0	0	0	0
230	0	0	0	0	0	0	0	0	0	0	0	33.51902983	34.00080337	32.08730738	36.7016418	38.40736465	43.74605777	44.61783627	48.90869087	51.55496446	63.30882371	65.65360216	75.98505635	77.09909804	82.82574104	84.33915202	95.77088766	98.72003453	108.0958895	106.0800313	123.1146861	130.7790588	131.8403856	134.2692666	120.5070104	126.0218065	121.5133266	134.8991412	131.7233809	130.1101654	139.0833454	143.0526035	150.5430782	160.5585253	169.1790775	178.8495254	188.4153895	204.8116849	222.7025321	218.8337264	218.8337264
231	0	0	0	0	0	0	0	0	0	0	0	1030.881335	1081.092317	1129.802863	1196.933183	1165.245482	1182.981801	1121.951806	1079.20691	1058.654126	1051.052221	1089.063765	1073.7062	1053.30231	1012.865675	967.5454455	919.5081039	903.3198286	954.6874008	797.5207422	779.0023808	753.101275	751.647205	756.1504899	746.3820659	724.5957601	698.8701399	650.4482848	593.6754355	597.1776093	610.102649	633.024955	660.7770293	682.649646	706.9962158	716.6060407	745.7805696	689.1526641	614.0741729	635.0331105	635.0331105
232	0	0	0	0	0	0	0	0	0	0	0	661.0670328	839.0222126	860.2351864	894.1460746	967.0581142	1026.952885	938.2603423	874.1054284	910.978255	959.6042946	959.2618161	946.8366943	888.7990693	834.0871679	938.19743	872.6577996	879.2050214	857.8756271	882.3713358	862.338887	850.7459146	779.687598	727.2855335	763.4784416	803.7010472	841.7926062	869.0674296	839.5218232	883.3366814	852.7934461	826.8777413	832.818374	835.6486774	816.4867779	994.6951185	997.7130256	1019.609823	1023.166366	1026.215184	1026.215184
233	975.0257472	1046.422352	1143.592767	1266.350581	1353.323657	1446.749309	1573.202079	1693.238313	1823.390187	1934.812656	2072.90699	2152.753634	2295.507622	2457.745064	2537.279309	2476.362259	2710.470584	2776.838531	2891.051554	3040.946056	3104.848141	3096.916923	3132.74618	3134.396436	3304.310939	3391.673882	3490.352675	3662.662097	3825.937241	4007.164032	4144.924981	4224.730504	4310.495241	4303.574963	4439.221633	4597.747251	4658.493778	4790.996559	4955.355692	5079.025431	5299.269868	5405.865495	5530.185068	5623.920986	5640.091241	5668.737805	5754.519409	5712.730089	5661.184427	5270.539626	5270.539626
234	0	0	0	0	0	0	0	0	0	0	0	309.7567935	343.1602696	370.1787349	395.1096862	424.6822152	461.8146945	526.6874223	570.448883	625.9798755	666.8312057	698.2990518	741.9119971	780.0050182	821.0312891	866.2770249	904.7994506	945.2904472	1020.461141	1085.296511	1171.042502	1281.606246	1434.59046	1551.778685	1784.073462	2003.686149	2175.355491	2475.633105	2620.501121	2600.961409	2725.870086	2887.506546	2903.775732	2985.891883	3079.429661	3121.043978	3246.448066	3458.338284	3428.004239	3613.530812	3613.530812
235	0	0	0	0	0	0	0	0	0	0	0	309.7567935	343.1602696	370.1787349	395.1096862	424.6822152	461.8146945	526.6874223	570.448883	625.9798755	666.8312057	698.2990518	741.9119971	780.0050182	821.0312891	866.2770249	904.7994506	945.2904472	1020.461141	1085.296511	1171.042502	1281.606246	1434.59046	1551.778685	1784.073462	2003.686149	2175.355491	2475.633105	2620.501121	2600.961409	2725.870086	2887.506546	2903.775732	2985.891883	3079.429661	3121.043978	3246.448066	3458.338284	3428.004239	3613.530812	3613.530812
236	0	0	0	0	0	0	0	0	0	0	0	12.30664488	17.01640853	19.95236826	22.77662959	29.3709006	26.72555962	30.3324663	34.31673725	35.76098293	40.96478576	47.77384207	48.17117383	49.16324968	49.45080797	50.50668526	53.66211033	52.34676531	53.72272108	56.03808985	58.10626626	44.40759851	39.74198158	28.12564372	18.38261471	29.70459542	33.24243333	41.28393527	36.20133842	38.37389784	35.0476573	34.46341879	29.9935581	28.20812617	27.78792688	36.6952376	37.02869122	25.29023142	23.52015112	35.6844485	35.6844485
237	0	0	0	0	0	0	0	0	0	0	0	327.6003548	362.6881514	420.3804806	508.7467403	539.8496155	731.4269388	839.2147672	1108.161974	1599.107043	1948.992371	2220.125331	2622.461369	2702.259283	3022.381104	3046.863884	3383.370318	3650.418977	3762.866875	3875.819423	4041.315187	4147.449238	4421.41302	4767.55288	4860.699342	4969.163434	5032.931418	5232.263753	5621.123384	5789.184625	5839.779906	6097.11755	6145.811746	6536.920158	6330.209138	6553.148365	6759.669857	6855.543971	7126.937472	7427.215493	7427.215493
238	0	0	0	0	0	0	0	0	0	0	0	0	0	0	0	0	0	0	0	0	0	0	0	0	0	0	0	0	0	0	4628.658054	4411.480487	4274.546966	3479.534039	3411.148105	3734.339068	4083.732959	4261.512883	4302.99911	3979.363962	4198.715706	4434.370241	4478.248157	4332.679062	4258.251568	3921.906459	4040.44002	4159.137225	4291.843742	4224.397665	4224.397665
239	0	0	0	0	0	0	0	0	0	0	0	0	0	0	0	0	0	0	0	0	0	0	0	0	0	0	0	0	0	0	4628.658054	4411.480487	4274.546966	3479.534039	3411.148105	3734.339068	4083.732959	4261.512883	4302.99911	3979.363962	4198.715706	4434.370241	4478.248157	4332.679062	4258.251568	3921.906459	4040.44002	4159.137225	4291.843742	4224.397665	4224.397665
240	0	0	0	0	0	0	0	0	0	0	0	24.56173437	25.839157	30.47621223	35.15816236	36.30576788	36.94930261	37.89921628	39.54194904	38.86263731	34.97606929	32.38467285	33.41023901	31.42509515	42.00150594	44.81204385	49.58966826	50.21095474	44.23400985	41.54493678	48.38800568	46.53921133	46.47243867	44.39680198	45.76553689	45.15422057	45.65278913	42.82506795	41.5984036	61.5247573	63.47306661	53.36802217	62.70921102	66.45119741	67.11347299	79.30160436	88.42043809	95.60694745	104.0681948	114.2700855	114.2700855
255	0	0	0	0	0	0	0	0	0	0	0	0	0	0	0	0	0	0	0	0	0	0	0	0	0	0	0	0	0	0	0	0	0	0	0	0	0	0	0	0	0	0	0	0	0	0	0	0	0	0	0
300	1582.300691	1630.700415	1753.634194	1882.365615	2065.442511	2167.548688	2259.886411	2363.503191	2603.962461	2840.320399	3037.04088	3217.099142	3613.142445	3943.109468	4136.261261	3889.739663	4250.535114	4408.572592	4627.873856	4911.761716	4899.969534	4914.433618	4904.220779	5043.729708	5286.816198	5502.840333	5617.319002	5877.10233	6056.857201	6205.574562	6380.299777	6655.405068	6850.771528	6881.055085	7176.242635	7379.745087	7527.419514	7701.797466	7913.064785	7944.45531	8247.073742	8266.841645	8311.719733	8411.900657	8576.223497	8509.997073	8683.671285	8614.491281	8521.49674	7903.029252	7903.029252
305	0	0	0	0	0	0	0	0	0	0	0	3432.520657	3603.696933	3736.119524	3861.305828	4030.715706	4182.501979	4308.472906	4521.632493	4418.295543	4617.47459	4656.274357	4687.33599	4819.557625	4963.766712	5142.718916	5259.936176	5446.94627	5504.538432	5576.433121	5584.386761	5256.086914	5078.212832	5031.845901	5185.758514	5468.686478	5729.520116	5660.077057	5604.522628	5494.310999	5693.691414	5887.910798	5889.648778	6066.895639	6218.862617	6342.134706	6509.312275	6495.931938	6464.392552	6114.037542	6114.037542
310	0	0	0	0	0	0	0	0	0	0	0	0	0	0	0	0	0	0	0	0	0	0	0	0	0	0	0	0	0	0	0	0	0	0	0	0	0	0	0	0	0	0	0	0	0	0	0	0	0	0	0
315	0	0	0	0	0	0	0	0	0	0	0	0	0	0	0	0	0	0	0	0	0	0	0	0	0	0	0	0	0	0	0	0	0	0	0	0	0	0	0	0	0	0	0	0	0	0	0	0	0	0	0
320	0	0	0	0	0	0	0	0	0	0	0	0	0	0	0	0	0	0	0	0	0	0	0	0	0	0	0	0	0	0	0	0	0	0	0	0	0	0	0	0	0	0	0	0	0	0	0	0	0	0	0
325	0	0	0	0	0	0	0	0	0	0	0	88.69282563	89.88764045	96.19151251	94.89666807	97.99509002	101.9070322	109.4594595	116.388211	123.3801789	119.9432221	123.1246767	112.9167365	121.7447917	127.5687638	123.2729506	119.4096601	125.2171395	125.2459938	125.7509558	4628.658054	4411.480487	4274.546966	3479.534039	3411.148105	3734.339068	4083.732959	4261.512883	4302.99911	3979.363962	4198.715706	4434.370241	4478.248157	4332.679062	4258.251568	3921.906459	4040.44002	4159.137225	4291.843742	4224.397665	4224.397665
330	0	0	0	0	0	0	0	0	0	0	0	0	0	0	0	0	0	0	0	0	0	0	0	0	0	1544.264013	1662.949823	1692.119432	1733.42803	1688.622754	1566.33574	1479.714668	1322.251773	1185.480301	1220.159151	1174.889868	1162.363239	1172.593235	1166.380789	1227.118644	1255.755546	1272.013229	1296.613627	1292.270531	1346.841478	1377.254902	1413.793103	1468.019916	1468.019916	1468.019916	1468.019916
