0	1960	1961	1962	1963	1964	1965	1966	1967	1968	1969	1970	1971	1972	1973	1974	1975	1976	1977	1978	1979	1980	1981	1982	1983	1984	1985	1986	1987	1988	1989	1990	1991	1992	1993	1994	1995	1996	1997	1998	1999	2000	2001	2002	2003	2004	2005	2006	2007	2008	2009	2010
0	1	2	3	4	5	6	7	8	9	10	11	12	13	14	15	16	17	18	19	20	21	22	23	24	25	26	27	28	29	30	31	32	33	34	35	36	37	38	39	40	41	42	43	44	45	46	47	48	49	50	51
1	0	0	0	0	0	0	0	0	0	0	0	0	0	0	0	0	0	0	0	0	0	0	0	0	0	0	0	0	0	0	0	0	0	0	0	0	0	0	0	0	0	0	0	0	0	0	0	0	0	0	0
2	0	0	0	0	0	0	0	0	0	0	0	777.9526192	858.1367161	756.0553618	770.222188	820.6286152	884.5523387	917.7815541	1003.861254	856.9800461	1142.343428	985.1660294	965.0470623	1000.217539	1018.186761	914.8198242	956.5331627	908.509892	908.8384008	885.2843443	809.2156123	565.879281	413.9412418	410.9214515	443.4642934	421.5727474	454.2367676	390.4231117	423.0299928	569.0955097	574.9846347	580.7349633	642.2878925	663.7745312	640.5516917	724.181361	679.8457965	671.0075039	649.9245457	537.8340056	537.8340056
3	0	0	0	0	0	0	0	0	0	0	0	244.7490588	275.5559184	320.5563429	334.2689516	344.8268048	381.2640085	413.3638017	492.8532911	604.4039077	595.8478245	627.3067405	789.8385262	826.1351678	793.207226	803.1421243	881.0788805	846.1007921	869.5499861	840.0941297	877.1799816	905.4158877	908.4582861	887.9536302	837.9865206	852.033242	811.8241816	823.0038406	838.8334462	883.7095639	884.947275	874.4834052	915.2578118	962.0110473	956.211449	980.8751395	1037.861276	1085.247963	1083.368353	1137.555362	1137.555362
4	0	0	0	0	0	0	0	0	0	0	0	0	0	0	0	0	0	0	0	0	0	0	0	0	0	0	0	0	0	0	0	0	0	0	0	0	0	0	0	0	0	0	0	0	0	0	0	0	0	0	0
5	0	0	0	0	0	0	0	0	0	0	0	0	0	0	0	0	0	0	0	0	0	0	0	0	0	0	0	0	0	0	0	0	0	0	0	0	0	0	0	0	0	0	0	0	0	0	0	0	0	0	0
6	0	0	0	0	0	0	0	0	0	0	0	636.7255449	670.8463295	653.3630572	651.7346647	620.8609099	598.1265559	574.4072808	614.7310272	605.1478663	597.382312	581.1657764	553.0821529	548.3862914	535.4439894	550.4580963	541.4491743	540.5932533	548.9453737	547.061462	569.2429995	565.4510272	550.5482641	551.6888781	541.5530667	528.3861643	531.6802547	531.7361615	519.2743486	531.8979468	533.443417	542.4698803	549.3218685	568.5128667	597.2378436	551.9556316	581.1495179	605.8081979	630.6366949	641.1070478	641.1070478
7	0	0	0	0	0	0	0	0	0	0	0	0	0	0	0	0	0	0	0	0	0	0	0	0	0	0	0	0	0	0	0	0	0	0	0	0	0	0	0	0	0	0	0	0	0	0	0	0	0	0	0
9	0	0	0	0	0	0	0	0	0	0	0	0	0	0	0	0	0	0	0	0	0	0	0	0	0	0	0	0	0	0	1588.815665	0	0	0	0	0	0	0	0	0	0	0	0	0	1629.686859	1632.584966	1683.303513	1698.958515	1698.958515	1698.958515	1698.958515
10	0	0	0	0	0	0	0	0	0	0	0	1380.653615	1379.444153	1411.518089	1415.105561	1378.449703	1403.645704	1420.289327	1424.761073	1483.555061	1486.605863	1429.765411	1416.25282	1419.373415	1449.148877	1361.948314	1424.090935	1479.741939	1508.437105	1444.903254	1411.46652	1434.960601	1489.450708	1469.434276	1552.459429	1547.443736	1575.621021	1638.880144	1662.641766	1653.371803	1650.49336	1550.461507	1470.793556	1553.825478	1755.409762	1731.386204	1870.237714	1867.240189	1922.760639	1853.325369	1853.325369
11	0	0	0	0	0	0	0	0	0	0	0	0	0	0	0	0	0	0	0	0	0	0	0	0	0	0	0	0	0	0	2171.313752	2309.840888	1193.328869	646.57799	414.9966267	506.3069838	557.5210777	589.9801457	606.0054016	589.3240329	651.2643615	651.6362723	610.1029478	643.7658019	680.1948794	817.0536805	829.4066409	925.5551316	973.201147	843.1843458	843.1843458
12	0	0	0	0	0	0	0	0	0	0	0	0	0	0	0	0	0	0	0	0	0	0	0	0	0	0	0	0	0	0	0	0	0	0	0	0	0	0	0	0	0	0	0	0	0	0	0	0	0	0	0
13	3063.554271	3115.787084	3172.974865	3284.050959	3349.414167	3463.215578	3546.53798	3692.80795	3763.558415	3792.934763	4063.41137	3989.629744	4035.206344	4264.271226	4294.161626	4345.871446	4405.702986	4671.195674	4629.618471	4683.853176	4737.482031	4694.676425	4817.489524	4561.426052	4651.519236	4621.420866	4620.451793	4764.945062	4770.742248	4998.047328	5052.778478	4926.727783	4957.338611	5160.700572	5111.08065	5121.516102	5403.648627	5469.998434	5554.773876	5610.944679	5644.609147	5502.984031	5676.007358	5686.299094	5649.973022	5863.865691	5910.017393	5929.288409	6019.067609	5970.867268	5635.650057
14	1546.16011	1553.881191	1675.841655	1824.964445	1857.348025	1855.899242	1906.418719	1930.417144	2060.668297	2198.489437	2431.589416	2522.133512	2639.287483	2843.358665	2743.085272	2662.895844	2872.110434	2800.911761	2896.58639	3138.677086	3065.563485	2898.430139	2830.274096	2847.136785	2957.377913	3055.630179	3063.529015	3175.410273	3200.476629	3134.116283	3213.889539	3381.07379	3256.045376	3229.317221	3221.341307	3356.750924	3559.873074	3536.660237	3594.19332	3580.245448	3566.051079	3761.806561	3779.358885	3974.886669	3978.515053	4123.585561	4076.090888	4008.350653	4016.596045	3784.407446	3943.553918
15	0	0	0	0	0	0	0	0	0	0	0	0	0	0	0	0	0	0	0	0	0	0	0	0	0	0	0	0	0	0	3664.794524	3372.756155	2803.1165	2328.277385	2095.856917	1660.952375	1518.203014	1437.551927	1505.194237	1386.120757	1420.706788	1404.838863	1402.184677	1456.268238	1522.370017	1652.886193	1592.931505	1417.769569	1522.132392	1337.630977	1337.630977
16	0	0	0	0	0	0	0	0	0	0	0	0	0	0	0	0	0	0	0	0	0	0	0	0	0	0	0	0	0	0	0	0	0	0	0	0	0	0	0	0	0	0	0	0	0	0	0	0	0	0	0
17	0	0	0	0	0	0	0	0	0	0	0	6417.44256	5995.018729	8533.06104	9053.194672	8042.374415	9635.497529	8232.644358	7886.303384	8861.100358	7836.843531	8340.676855	9122.196021	8552.28788	8880.986787	9975.911966	8248.992097	7880.526828	8821.558081	8714.649735	8825.513146	7976.403485	8319.860072	8746.281665	9073.51342	8818.158403	8635.985556	9130.508983	9512.982689	9020.934481	9189.511637	9445.440538	10019.42623	10432.9289	10375.16524	10348.06369	10193.24756	9456.593856	8784.7075	8096.253521	8096.253521
18	0	0	0	0	0	0	0	0	0	0	0	83.80140981	85.78244797	92.16066468	94.32200381	95.30796787	99.30344806	99.09566873	99.60020162	100.5308648	104.2162001	103.4415173	106.3546066	106.0396524	104.7444732	107.8162774	112.3460895	107.6395712	115.1783186	117.8235031	120.9964074	116.5114759	120.2354391	124.1903757	126.9887718	135.3076212	133.3361856	136.5121189	139.4543084	138.7036124	143.5508328	153.2171264	154.5896641	158.971028	162.5804664	169.8442132	178.3393652	184.024701	192.0618951	201.314676	201.314676
19	0	0	0	0	0	0	0	0	0	0	0	0	0	0	0	0	0	0	0	0	0	0	0	0	0	0	0	0	0	0	1240.797993	0	0	0	0	0	0	0	0	0	0	0	0	0	1389.161576	1441.758502	1468.298766	1476.338092	1476.338092	1476.338092	1476.338092
20	0	0	0	0	0	0	0	0	0	0	0	0	0	0	0	0	0	0	0	0	0	0	0	0	0	0	0	0	0	0	4470.353617	4348.462625	3620.727682	3076.697041	2615.736482	2427.666765	2501.346161	2505.602748	2465.396663	2408.822222	2467.192904	2484.799681	2544.244131	2633.088954	2735.834452	2749.003988	2941.621474	2891.955576	2931.195793	2814.804986	2814.804986
21	2528.686698	2575.56535	2810.516923	3045.440052	3025.29636	3121.183108	3057.659655	3190.913571	3600.76903	3890.366587	4142.729197	4100.023984	4474.90411	4722.587492	4619.587531	4320.448392	4625.637957	4593.429851	4831.818616	4982.443835	4749.472327	4418.491271	4208.031757	4156.165889	4336.862275	4473.613512	4633.789799	4728.6154	4771.114421	4798.546891	4844.175612	5055.893348	5093.026879	4954.278645	5225.413124	5304.057592	5586.58915	5579.645025	5659.696658	5689.205066	5707.016485	5673.665695	5454.616568	5709.103575	5650.965341	5600.4279	5509.343894	5366.718146	5469.581576	5299.74752	5220.889409
22	0	0	0	0	0	0	0	0	0	0	0	0	0	0	0	0	0	0	0	0	0	0	0	0	0	0	0	0	0	0	562	0	0	0	0	0	0	0	0	0	0	0	0	0	548.4784147	551.7477724	570.6967145	571.4285714	571.4285714	571.4285714	571.4285714
23	0	0	0	0	0	0	0	0	0	0	0	379.885537	389.4989593	389.1816629	388.6980126	390.7942165	369.8777086	373.6130222	378.5664642	375.2039073	374.6076113	364.0850169	366.5286045	366.5297665	365.2845483	372.6083142	366.0373598	361.1835378	360.3984832	352.0770903	348.0551679	341.8402267	338.3274589	334.3533258	330.2209651	326.8419599	369.4250329	372.6526959	357.6440994	362.7778982	304.1926659	313.7093111	327.5299673	334.6629493	336.7877875	327.5248348	374.7682682	395.3433763	392.4894507	403.9693686	403.9693686
24	0	0	0	0	0	0	0	0	0	0	0	0	0	0	0	0	0	0	0	0	0	0	0	0	0	0	0	0	0	0	0	0	0	0	0	0	0	0	0	0	0	0	0	0	0	0	0	0	0	0	0
25	0	0	0	0	0	0	0	0	0	0	0	0	0	0	0	0	0	0	0	0	0	0	0	0	0	0	0	0	0	0	100.2237207	0	0	0	0	0	0	0	0	0	0	0	0	0	280.1992528	309.4223661	312.7403914	354.3519208	354.3519208	354.3519208	354.3519208
26	0	0	0	0	0	0	0	0	0	0	0	236.2821803	254.9001223	263.0909492	274.9757824	310.9790009	332.5338432	347.2156715	367.6289147	395.5605141	456.6892019	469.0208873	482.7251266	448.3482334	437.7402751	423.0169384	391.2774321	354.6328984	362.4214462	377.4732012	392.071172	394.9575232	408.71671	420.1227648	452.7632618	497.6750536	540.0293442	579.3272788	591.5454527	550.0819408	455.3853454	347.1987773	412.7105047	427.3473269	408.0996184	571.0302837	694.229079	571.8441079	621.5358042	637.6007181	637.6007181
27	0	0	0	0	0	0	0	0	0	0	0	0	0	0	0	0	0	0	0	0	0	0	0	0	0	0	0	0	0	0	1628.893943	1519.336811	1131.637759	1016.286872	425.1939323	459.8268118	539.756818	812.4667223	974.0213804	931.5545624	1179.441308	1122.859003	1169.38581	1165.202419	1273.63873	1334.888036	1426.141346	1479.142818	1583.14795	1579.900432	1579.900432
28	0	0	0	0	0	0	0	0	0	0	0	0	0	0	0	0	0	0	0	0	0	751.2433572	760.8728371	742.5862982	731.3537951	748.4678345	794.1381088	765.5758047	873.4507888	905.5481014	912.3281666	901.1569505	1008.784756	984.4094136	944.8685798	943.0374039	894.2220996	917.4634968	1018.018539	1030.956284	1044.621926	1046.575161	1059.886522	1041.910206	1002.679994	1027.91638	1032.300404	1062.192743	1110.352758	1033.69843	1033.69843
29	0	0	0	0	0	0	0	0	0	0	0	708.7044153	742.0090856	793.9864723	825.4369261	842.0369663	862.5992664	871.3941982	905.343927	940.2976764	935.4758218	876.7336842	870.9311437	872.4555296	908.2896782	949.3682727	973.5923927	991.8640721	986.6227732	988.4100256	937.1559903	939.2566474	934.0138489	942.6597016	977.3280948	995.4832604	1032.487118	1068.571775	1077.933111	1086.143772	1084.47502	1075.757989	1092.311218	1096.129007	1140.613875	1158.386111	1186.26776	1240.222406	1297.910085	1242.772704	1242.772704
30	0	0	0	0	0	0	0	0	0	0	0	0	0	0	0	0	0	0	0	0	0	0	0	0	0	0	0	0	0	0	0	0	0	0	0	0	0	0	0	0	0	0	0	0	0	0	0	0	0	0	0
31	0	0	0	0	0	0	0	0	0	0	0	1353.018854	1285.972547	2399.53883	3957.877618	4727.87126	5981.257046	6213.063315	5588.957889	5613.0469	7134.949815	6650.792757	6945.261077	7129.261981	7982.864011	8136.229171	7237.571464	7220.750971	5730.618325	6453.074513	6990.238969	7706.786399	8049.94865	7552.270466	6885.276596	7984.061544	7805.005586	7855.299515	7635.297358	7600.386668	7502.6572	6818.524412	6512.569346	7394.155477	7292.043951	6992.878446	8785.170543	8795.38453	9433.509663	7971.322259	7971.322259
32	0	0	0	0	0	0	0	0	0	0	0	2228.790183	2262.839319	2378.244635	2463.171679	2665.380576	2780.204475	2954.328146	3084.46324	3200.477226	3203.442	3190.21604	3317.934113	3381.760018	3400.81535	3427.244044	3451.392877	3411.209899	3488.465984	3426.931396	3277.390686	2560.054449	2413.884426	2600.105878	2520.941197	2750.226786	2746.937889	2505.271131	2424.276372	2224.97405	2314.288462	2464.205815	2416.323294	2493.910392	2418.772469	2569.26304	2655.479788	2624.43634	2594.208879	2304.541082	2304.541082
33	0	0	0	0	0	0	0	0	0	0	0	0	0	0	0	0	0	0	0	0	0	0	0	0	0	0	0	0	0	0	0	0	0	0	0	0	0	0	0	0	0	0	0	0	0	0	0	0	0	0	0
34	0	0	0	0	0	0	0	0	0	0	0	0	0	0	0	0	0	0	0	0	0	0	0	0	0	0	0	0	0	0	0	0	0	0	0	0	0	0	0	0	0	0	0	0	0	0	0	0	0	0	0
35	0	0	0	0	0	0	0	0	0	0	0	434.0794793	440.8023692	435.4497677	434.4411318	437.3379304	450.2935753	438.4930792	447.9087393	432.9670454	420.4124581	400.5411727	381.5978572	356.8053952	348.884477	352.2885132	375.2654234	369.4758938	361.6714545	361.8905652	345.3368941	343.7067237	358.9709425	359.4258822	357.3687494	346.4349467	379.3679513	379.6820798	369.8053759	430.3600179	406.1202463	383.7937131	404.3194177	376.8463019	524.5759605	534.6092819	520.4221832	548.7778195	541.3207042	535.0318392	535.0318392
36	0	0	0	0	0	0	0	0	0	0	0	0	0	0	0	0	0	0	0	0	0	0	0	0	0	0	0	0	0	0	0	0	0	0	0	301.9862689	303.6958831	310.2853957	318.3651134	318.1298506	319.6052302	329.1032872	334.411192	340.8456477	350.4107675	356.0735655	365.0588448	373.3632327	375.6784158	370.7484592	370.7484592
37	0	0	0	0	0	0	0	0	0	0	0	383.813359	382.0817023	380.1017474	379.8247187	387.2987573	381.5957108	396.1988478	396.9655269	399.6212547	401.2702027	409.1393969	415.8638942	418.5494194	419.9716462	423.7835772	417.5964022	412.9753733	413.5797045	416.4619972	408.821443	401.2881503	394.5495543	397.377025	397.4940137	394.316651	394.2346706	398.8434728	400.9078404	394.8463758	402.4460864	398.0205536	397.4883723	403.5815581	406.0567773	398.4864292	373.9794561	345.489504	340.9175161	360.7733454	360.7733454
38	4251.209992	4307.529254	4451.389169	4693.864744	4903.153014	5153.20124	5271.872905	5556.768176	5871.453673	6091.29903	6476.360955	6530.115006	6933.057822	7123.249507	7100.494832	7149.828127	7271.794158	7409.075055	7538.47458	7838.122956	7831.47542	7541.891486	7160.125704	7051.6184	7341.604389	7438.892838	7492.004618	7641.291525	7854.96847	7933.498229	7504.777338	7388.563674	7480.025343	7641.830371	7834.874427	7861.674354	7956.970265	7965.748453	7837.803848	8010.93409	8171.989002	7974.979522	7914.66131	8272.441249	8364.39825	8424.31202	8224.343716	8248.276474	8001.482766	7531.731481	7485.539635
39	0	0	0	0	0	0	0	0	0	0	0	0	0	0	0	0	0	0	0	0	0	0	0	0	0	0	0	0	0	0	83.42631224	0	0	0	0	0	0	0	0	0	0	0	0	0	190.6663467	209.3541108	213.2699935	213.2403633	213.2403633	213.2403633	213.2403633
40	0	0	0	0	0	0	0	0	0	0	0	0	0	0	0	0	0	0	0	0	0	0	0	0	0	0	0	0	0	0	0	0	0	0	0	0	0	0	0	0	0	0	0	0	0	0	0	0	0	0	0
41	0	0	0	0	0	0	0	0	0	0	0	0	0	0	0	0	0	0	0	0	0	0	0	0	0	0	0	0	0	0	0	0	0	0	0	0	0	0	0	0	0	0	0	0	0	0	0	0	0	0	0
42	0	0	0	0	0	0	0	0	0	0	0	0	0	0	0	0	0	0	0	0	0	0	0	0	0	0	0	0	0	0	0	0	0	0	0	0	0	0	0	0	0	0	0	0	0	0	0	0	0	0	0
44	0	0	0	0	0	0	0	0	0	0	0	892.4425833	890.4305381	842.0086801	822.5368218	732.5412136	764.4696445	781.3241505	798.2101474	832.520458	847.8877506	848.4910968	765.9727703	779.3278587	806.5804968	791.4837628	813.3246406	825.5056143	918.6693053	1012.067223	1027.664464	1032.617077	1099.412774	1107.17325	1171.867224	1241.269112	1357.530694	1502.409697	1535.936444	1613.015334	1602.044512	1552.610836	1590.006545	1589.543611	1676.331555	1699.574266	1716.806699	1715.370606	1743.844948	1697.568734	1826.320487
45	0	0	0	0	0	0	0	0	0	0	0	465.7059844	477.9394835	484.5044992	486.8654312	528.2039557	537.7813535	577.6974747	617.6047732	619.530181	609.9331118	597.6919523	607.3216095	622.4650702	651.6561242	658.3990019	671.7424517	695.0033375	720.9246308	724.7132767	760.1894969	744.4857279	760.3535756	795.3873129	822.4925397	869.1880044	891.0069295	883.9906998	874.0635251	866.7249059	867.1253131	858.1086685	922.915171	1043.965857	1209.740628	1301.191587	1414.146777	1490.260435	1598.516237	1695.309284	1695.309284
46	0	0	0	0	0	0	0	0	0	0	0	630.8178202	616.9118359	606.5674953	628.3128546	642.5520975	653.1645584	657.2311035	670.3690744	642.095334	689.661761	683.2909488	686.7150432	693.3359165	701.555321	697.785113	709.5908903	718.7976172	726.3310694	717.7327782	729.5235618	729.1815701	742.4900178	768.1813293	781.1964451	780.7063041	785.1472953	748.9910934	770.2128502	681.3385271	673.5578209	658.0546272	631.7700978	638.7759497	635.9619487	650.2511422	677.8875856	664.189773	683.2903603	697.2395917	697.2395917
47	0	0	0	0	0	0	0	0	0	0	0	0	0	0	0	0	0	0	0	0	0	0	0	0	0	0	0	0	0	0	40.7576114	0	0	0	0	0	0	0	0	0	0	0	0	0	54.32385968	57.54509514	63.58251118	60.41833063	60.41833063	60.41833063	60.41833063
48	0	0	0	0	0	0	0	0	0	0	0	369.567445	371.2421396	375.6112329	371.2482808	366.6648872	388.2865725	362.5332161	366.6391266	362.6184822	364.7881176	359.9519194	373.0576251	401.5327613	374.7010275	381.1720624	360.8579862	357.5040082	336.8856158	341.8679719	333.612262	332.9309868	326.5242068	318.5672283	281.9968649	287.5424579	278.9124869	255.7836975	252.8442026	235.5257202	270.5109713	289.2547606	275.6650125	307.1433814	309.9271134	342.0782486	328.0035805	334.4440537	338.6551606	355.7735293	355.7735293
49	0	0	0	0	0	0	0	0	0	0	0	0	0	0	0	0	0	0	0	0	0	0	0	0	0	0	0	0	0	0	0	0	0	0	0	0	0	0	0	0	0	0	0	0	0	0	0	0	0	0	0
50	0	0	0	0	0	0	0	0	0	0	0	608.0553811	620.9031004	643.9490596	618.0249461	638.2693971	625.6774078	672.8817793	697.1729328	694.9440238	651.6313219	600.2311793	570.3439165	545.2098188	607.9739357	619.8081714	614.9186251	633.0472496	621.9883246	649.6898236	659.5438793	666.2133898	813.6036757	707.7076671	683.0055742	676.9560422	661.8535631	661.9676268	660.1912859	704.8555867	769.3264918	741.4858956	776.8797342	818.1953439	930.0371494	943.9958528	1030.647083	1118.452152	1085.32318	1067.052729	1067.052729
51	0	0	0	0	0	0	0	0	0	0	0	0	0	0	0	0	0	0	0	0	0	0	0	0	0	0	0	0	0	0	1883.819456	1618.157428	1502.649664	1491.71875	1478.290108	1509.87235	1610.084112	1705.627515	1788.871584	1749.524813	1760.113195	1790.07545	1856.864414	1984.683559	1990.020951	2004.788158	2014.520495	2102.60505	2048.755977	1964.839183	1964.839183
52	0	0	0	0	0	0	0	0	0	0	0	1334.199376	1272.397933	1333.765332	1387.119437	1392.604663	1444.795418	1554.813101	1628.205642	1675.625309	1670.875397	1660.134575	1688.102066	1764.183822	1722.055077	1700.59112	1694.703189	1747.836096	1790.331935	1910.115632	1824.174236	1524.827154	1342.760775	1102.895219	1125.261411	1114.363585	1171.827711	1199.214267	1111.208802	1134.855302	1215.135686	1184.979706	1101.505946	1089.998518	1060.571501	990.4903413	982.9123053	913.7447868	935.9998154	1021.559089	1021.559089
53	0	0	0	0	0	0	0	0	0	0	0	945.6252707	1188.394307	1230.911389	924.5209309	868.9634692	998.2149509	1074.127654	1123.291842	1207.986708	1261.322227	1231.936918	1247.662592	1290.385596	1327.093562	1306.65348	1460.298766	1635.431843	1642.095173	1675.75689	1774.998924	1773.28844	1957.12539	2054.539371	2353.28026	2040.748214	2217.653734	2130.767279	2176.077766	2146.39591	2265.444284	2199.08849	2187.357762	2335.979939	2148.956592	2150.063628	2202.987393	2292.581468	2401.262394	2297.717596	2297.717596
54	0	0	0	0	0	0	0	0	0	0	0	4629.629093	4623.923014	4558.771452	4194.197877	4340.682803	4447.107185	4729.724039	4446.898852	4730.187549	4588.207389	4582.529521	4643.649431	4651.392802	4742.58012	4762.330527	4837.577797	4974.984441	4872.782542	4734.298012	4782.730097	4344.822	4219.510661	4087.125448	3958.14464	4014.266092	4146.618032	4178.221388	4049.169492	3794.380336	3988.889549	4113.015454	4166.176524	4349.039644	4452.682435	4386.925904	4463.961129	4429.780069	4281.345018	4003.973328	4022.166936
55	0	0	0	0	0	0	0	0	0	0	0	1325.812241	1340.458868	1336.040264	1365.162261	1384.954252	1446.303836	1502.93469	1593.849179	1683.557279	1761.249329	1780.720835	1829.789376	1865.099455	1878.643758	1922.93966	1863.12163	1768.856498	1776.058608	1743.954407	1649.292079	1549.080776	1332.082836	1205.428296	1085.566493	1009.832438	877.1210514	826.5689196	763.9778509	814.5011466	864.1933215	887.3298189	845.5448318	859.0145307	872.9823981	902.9541512	906.7655705	765.8485461	839.7794791	794.95741	794.95741
56	0	0	0	0	0	0	0	0	0	0	0	320.4080482	319.6960918	321.829053	321.4657107	320.4066463	315.9576477	316.2655607	315.4819553	319.7101277	313.3410983	319.6687151	311.4962811	322.8482555	329.9728384	320.6094236	317.6040333	320.8363192	322.5247326	319.8945321	324.0747063	318.105335	310.7855505	303.7261974	293.6719218	296.8097551	297.779918	295.9544061	296.6730408	295.7318414	336.1108044	338.1915826	339.9325249	342.0748122	344.9667594	347.7992938	350.530692	353.0588135	356.0234053	356.9988236	356.9988236
57	1922.387252	2024.048807	2296.648806	2503.185739	2601.297246	2823.335225	3067.032097	3058.803678	3202.358743	3700.180945	3971.234936	3728.632682	3858.279848	3781.652529	3489.811893	3453.113043	3745.263552	3830.419222	3894.826998	4019.880203	3735.163771	3381.151894	3422.247753	3233.347869	3353.211268	3773.884044	3823.132005	3819.847474	3641.660039	3413.981103	3378.097471	3735.293558	3563.029981	3645.440547	3760.371374	3709.206006	4170.881794	3848.802283	3774.581022	3604.520755	3491.184192	3585.916331	3536.267818	3728.7602	3597.192982	3487.56605	3724.566842	3617.744997	3497.97902	3368.668654	3550.211854
58	0	0	0	0	0	0	0	0	0	0	0	0	0	0	0	0	0	0	0	0	0	0	0	0	0	0	0	0	0	0	231.29817	0	0	0	0	0	0	0	0	0	0	0	0	0	167.5615883	171.9516012	173.6106896	170.3490249	170.3490249	170.3490249	170.3490249
59	0	0	0	0	0	0	0	0	0	0	0	0	0	0	0	0	0	0	0	0	0	0	0	0	0	0	0	0	0	0	298.5025802	0	0	0	0	0	0	0	0	0	0	0	0	0	564.5056233	594.8494741	611.3537118	628.3426367	628.3426367	628.3426367	628.3426367
60	0	0	0	0	0	0	0	0	0	0	0	504.7687104	572.8451432	586.0676684	601.0013545	598.593246	603.6242431	602.9750404	603.9325843	613.1056283	592.7880797	599.3980867	598.3209123	648.5036028	675.5125789	561.9413121	573.2879527	634.7893122	587.5473475	562.1275431	569.9509887	562.1874415	651.7046887	651.5976253	724.0182937	744.5176786	762.3212736	829.213051	870.7890273	878.7394049	908.3435725	907.2905952	917.186449	897.6801249	797.9901347	851.5017972	866.196971	873.1261187	843.8008151	826.085563	826.085563
61	0	0	0	0	0	0	0	0	0	0	0	373.4631399	379.7868925	368.4152807	438.4721314	472.8713009	507.6239405	582.6235285	583.2989172	595.4793438	632.3618392	643.0080005	675.6780944	613.3879547	644.3368843	635.3244101	616.8032266	614.5990772	630.0173048	585.4067209	584.4886847	592.925543	582.2471225	545.9167026	557.4083377	627.4572652	673.8863201	675.6100409	676.8904877	633.297328	650.733255	701.1447386	718.1922104	764.8264643	806.5627723	803.0777717	804.3169986	821.9111417	784.7263306	795.9708632	795.9708632
62	0	0	0	0	0	0	0	0	0	0	0	211.4834628	228.4060823	208.4684254	228.4972833	244.3902574	278.1670974	297.1662203	300.9492014	323.3506596	337.2718984	383.7695372	410.3464332	444.0048705	480.4197937	507.6458817	509.3220912	529.5509811	530.015439	552.3083564	559.8776988	558.7754057	562.5491955	589.4741861	544.8629222	568.7958087	593.4372222	604.8021056	638.4118526	690.0299164	667.767875	674.4949544	734.2783215	765.156979	767.4485488	819.9623156	844.653734	874.0999599	902.7912614	903.3921372	903.3921372
63	0	0	0	0	0	0	0	0	0	0	0	456.6233954	475.6540335	490.2488524	489.1157997	533.8799033	603.6656942	610.608859	634.0126314	607.617033	540.981899	575.256789	585.9506247	555.5022792	559.2869284	525.5135824	450.4143721	496.3725352	457.5121422	462.8458157	462.9259596	501.6187077	515.2908372	534.2963625	557.9029701	585.8337835	554.2772623	608.4061199	621.7234932	643.5072763	667.2738184	695.4829403	706.4892098	735.3164829	726.8902294	747.886171	779.662546	824.2761522	833.3414361	828.2124458	828.2124458
64	0	0	0	0	0	0	0	0	0	0	0	0	0	0	0	0	0	0	0	0	0	0	0	0	0	0	0	0	0	0	0	0	0	0	0	0	0	0	0	0	0	0	0	0	1291.976521	2055.158547	2401.814065	2731.637927	2731.637927	2731.637927	2731.637927
65	0	0	0	0	0	0	0	0	0	0	0	0	0	0	0	0	0	0	0	0	0	0	0	0	0	0	0	0	0	0	0	0	275.5407553	289.5938144	298.2006319	310.5690485	320.9552144	312.0311877	197.3418617	198.1637822	193.0133145	194.5527221	188.3314255	194.0125437	172.1887307	170.0543115	150.0160251	150.17648	136.8855231	142.3162583	142.3162583
66	0	0	0	0	0	0	0	0	0	0	0	0	0	0	0	0	0	0	0	0	0	0	0	0	0	0	0	0	0	0	6316.631612	5777.015375	4285.896282	3452.251004	3665.914559	3505.858733	3889.677966	3840.398571	3702.379887	3498.693222	3442.564128	3605.763504	3466.154008	3834.079605	3915.904971	3836.514753	3749.644039	4191.668306	4057.87234	3542.857377	4085.247894
67	0	0	0	0	0	0	0	0	0	0	0	289.0398057	286.5550672	286.5024912	286.4521773	286.1221609	289.0090416	292.7160458	298.4048536	302.8516428	305.7548348	307.4753778	306.0524295	305.4724874	302.8842303	301.4681973	302.3681079	304.7523634	304.6123102	305.6508213	307.5791017	306.8954493	301.2673929	286.5705868	287.3006365	287.5706558	287.119976	284.6080533	285.6232213	284.1371107	284.2286632	287.5342676	287.3667548	288.4563254	288.6714974	289.1792012	291.2207919	395.0601888	399.0652367	402.4984015	402.4984015
68	0	0	0	0	0	0	0	0	0	0	0	0	0	0	0	0	0	0	0	0	0	0	0	0	0	0	0	0	0	0	0	0	0	0	0	0	0	0	0	0	0	0	0	0	0	0	0	0	0	0	0
69	0	0	0	0	0	0	0	0	0	0	0	0	0	0	0	0	0	0	0	0	0	0	0	0	0	0	0	0	0	0	0	0	0	0	0	0	0	0	0	0	0	0	0	0	0	0	0	0	0	0	0
70	0	0	0	0	0	0	0	0	0	0	0	0	0	0	0	0	0	0	0	0	0	0	0	0	0	0	0	0	0	0	392.3807301	0	0	0	0	0	0	0	0	0	0	0	0	0	813.0855498	702.6902826	675.0832683	627.3443103	627.3443103	627.3443103	627.3443103
71	2196.771062	2252.781215	2361.976843	2479.081362	2678.114091	2887.52454	3065.351015	3126.25228	3342.319646	3668.352725	3872.481112	3935.90338	4187.851078	4507.635234	4383.450011	4182.201231	4459.542531	4516.154674	4664.059962	4963.212592	5146.141632	4934.551458	4805.42718	4823.647241	4910.324867	5270.113831	5482.750102	5959.632881	5585.333872	5756.388553	5692.063177	5742.486438	5380.98453	5617.711015	5971.771468	5661.671104	6069.706341	6276.951692	6319.937318	6283.991485	6230.896884	6366.509871	6682.03801	7074.746683	7090.844452	6523.702006	7075.653575	6953.488746	6640.659397	6212.896697	6639.367338
72	1699.542094	1745.598075	1861.555894	1984.10042	2085.926196	2110.749181	2123.960154	2249.347008	2361.38405	2538.429314	2953.651223	3030.104315	3173.132486	3388.01777	3255.730248	3061.032067	3250.300028	3175.481694	3372.356773	3499.13435	3479.707184	3382.065721	3282.766965	3349.881592	3450.446162	3599.438044	3635.152944	3704.438218	3668.146966	3799.145951	3848.01075	4047.295287	3959.990191	4010.153187	3843.254182	3981.999593	4189.925556	4044.779026	4150.488448	4130.757274	4145.13501	4253.512436	4235.694218	4281.872024	4312.688706	4295.595708	4214.823192	4142.321102	4162.755972	3969.730053	4072.811521
73	0	0	0	0	0	0	0	0	0	0	0	0	0	0	0	0	0	0	0	0	0	0	0	0	0	0	0	0	0	0	0	0	0	0	0	0	0	0	0	0	0	0	0	0	0	0	0	0	0	0	0
74	0	0	0	0	0	0	0	0	0	0	0	0	0	0	0	0	0	0	0	0	0	0	0	0	0	0	0	0	0	0	0	0	0	0	0	0	0	0	0	0	0	0	0	0	0	0	0	0	0	0	0
75	0	0	0	0	0	0	0	0	0	0	0	1983.254528	1902.477479	2554.038352	2710.517651	2179.212216	2035.765173	2161.431306	2389.098828	2056.745158	2012.839838	2191.902954	2190.144783	2184.250506	1971.777531	1711.587156	1690.755352	1582.311266	1652.666418	1411.168128	1271.635143	1271.269894	1315.524534	1346.7936	1185.504122	1244.669727	1278.699535	1229.97938	1289.499599	1225.419311	1184.191524	1293.08206	1306.887392	1302.223025	1291.962109	1352.826124	1325.622391	1397.179197	1371.923244	1214.192217	1214.192217
76	0	0	0	0	0	0	0	0	0	0	0	0	0	0	0	0	0	0	0	0	0	0	0	0	0	0	0	0	0	0	0	0	0	0	0	0	0	0	0	0	0	0	0	0	0	0	0	0	0	0	0
77	0	0	0	0	0	0	0	0	0	0	0	0	0	0	0	0	0	0	0	0	0	0	0	0	0	0	0	0	0	0	2587.451895	2080.148886	1777.456859	1551.634461	970.3278756	788.2230672	812.045233	725.7174067	677.9664832	625.7700168	649.9823462	586.0753693	584.117512	625.1814549	644.2160109	651.5215996	689.6550705	761.9633579	685.8370783	722.943457	722.943457
78	1956.319468	1996.432742	2127.319791	2286.500859	2352.538877	2388.55987	2400.064509	2406.65462	2585.278792	2799.557653	3883.234048	3892.771474	4015.982468	4239.023595	4157.662619	3984.698407	4315.680708	4335.744249	4484.387331	4686.637458	4561.455564	4398.933574	4257.775592	4268.606692	4447.409462	4597.36445	4588.782717	4616.365532	4629.301149	4514.817846	4423.904977	4306.244432	4194.986381	4127.76645	4090.423929	4128.420568	4252.96644	4208.461868	4184.790303	4088.574732	4102.832502	4219.18724	4111.938951	4144.339153	4163.33441	4107.002767	4142.239388	4033.168632	4076.282653	3889.132464	4057.421827
79	0	0	0	0	0	0	0	0	0	0	0	336.2506061	345.7254078	356.6037102	364.540812	368.8183303	361.9450782	377.7772617	370.7233761	366.5893311	368.3588356	374.3105442	372.2818069	304.9536353	314.8779609	338.1147323	341.255107	359.6282727	342.5583317	359.5587433	357.6613649	359.821776	362.2074871	368.9265942	373.4656087	380.7331701	384.0595405	393.8165526	403.3925068	406.0697567	403.8306352	416.4310129	417.9719157	403.9444766	400.5074169	393.5033429	425.0464896	418.0195288	406.5776497	387.8552335	387.8552335
80	0	0	0	0	0	0	0	0	0	0	0	1311.659554	1142.765659	1211.092089	1162.576201	1268.396226	1102.871839	1055.054012	1005.652739	1376.126638	1413.777527	1043.830681	1264.484194	1366.00743	1291.032721	1441.070355	1710.894065	1860.225141	2157.545792	2072.018537	2180.134178	2846.699603	3430.193844	3451.095966	3925.641685	3878.862295	3916.749148	4107.194007	4334.853612	4514.367605	4674.893959	4666.55803	4674.657901	4747.659275	4858.021047	4911.607911	5088.004925	5248.293282	5420.527879	5596.848617	5596.848617
81	289.221088	322.4924982	350.1109138	367.7951651	433.5811986	478.7745029	547.1748317	605.4771684	652.0640659	725.5060983	872.7644717	984.0460876	1134.739003	1322.776683	1256.351819	1298.138499	1389.298462	1469.467182	1525.436903	1597.969103	1553.701856	1505.333539	1537.201226	1599.023459	1652.7885	1766.806624	1674.358992	1791.732627	1902.89987	2093.010109	2110.08326	2106.871735	2135.904725	2089.621536	2130.131337	2132.629678	2185.462228	2257.627726	2364.540748	2363.442984	2480.99974	2557.434152	2577.528843	2643.512677	2685.58172	2724.028849	2710.932631	2699.663256	2707.107549	2609.186227	2386.730934
82	0	0	0	0	0	0	0	0	0	0	0	0	0	0	0	0	0	0	0	0	0	0	0	0	0	0	0	0	0	0	0	0	0	0	0	0	0	0	0	0	0	0	0	0	0	0	0	0	0	0	0
83	0	0	0	0	0	0	0	0	0	0	0	0	0	0	0	0	0	0	0	0	0	0	0	0	0	0	0	0	0	0	441.5217983	0	0	0	0	0	0	0	0	0	0	0	0	0	722.2683129	768.9761909	786.1253724	783.6080799	783.6080799	783.6080799	783.6080799
84	0	0	0	0	0	0	0	0	0	0	0	0	0	0	0	0	0	0	0	0	0	0	0	0	0	0	0	0	0	0	0	0	0	0	0	0	0	0	0	0	0	0	0	0	0	0	0	0	0	0	0
85	0	0	0	0	0	0	0	0	0	0	0	0	0	0	0	0	0	0	0	0	0	0	0	0	0	0	0	0	0	0	0	0	0	0	0	0	0	0	0	0	0	0	0	0	0	0	0	0	0	0	0
86	0	0	0	0	0	0	0	0	0	0	0	490.669988	492.0099242	500.4540452	500.7173864	536.6677563	559.2141617	578.3395386	579.8768041	600.4722594	540.4326934	513.291157	491.5120536	463.3820779	477.6310854	475.1572722	448.3528615	462.8807876	471.3821159	476.62797	497.0002121	507.4282495	518.0347411	503.1921453	517.5916432	534.6363575	541.2655472	556.7170395	583.0025382	627.7503997	631.1013846	628.9525154	620.3958679	609.3736982	623.2210464	639.6484622	631.2849715	642.2957169	599.2079671	701.3092058	701.3092058
87	0	0	0	0	0	0	0	0	0	0	0	0	0	0	0	0	0	0	0	0	0	0	0	0	0	0	0	0	0	0	0	0	0	0	0	0	0	0	0	0	0	0	0	0	0	0	0	0	0	0	0
88	0	0	0	0	0	0	0	0	0	0	0	0	0	0	0	0	0	0	0	0	0	0	0	0	0	0	0	0	0	0	73.40905188	0	0	0	0	0	0	0	0	0	0	0	0	0	64.14014173	63.61067343	64.49338298	66.70453612	66.70453612	66.70453612	66.70453612
89	0	0	0	0	0	0	0	0	0	0	0	0	0	0	0	0	0	0	0	0	0	0	0	0	0	0	0	0	0	0	527.065169	0	0	0	0	0	0	0	0	0	0	0	0	0	644.039675	663.3299162	668.1624597	666.6062277	666.6062277	666.6062277	666.6062277
90	0	0	0	0	0	0	0	0	0	0	0	313.7935796	317.7394009	320.3378923	327.9123635	333.4655348	346.9313617	350.4736733	358.1206613	364.5354199	366.0291515	297.9816067	301.7131818	303.1410892	298.8440354	294.2591412	223.8332237	225.7983704	228.6526839	228.1597278	219.017395	214.2547016	218.0157543	206.494911	185.9556824	214.9391519	241.9842471	250.1426616	245.6766671	244.4602099	232.5289453	233.6181892	258.4341214	244.3921198	248.3267001	276.5043924	279.367339	289.0301904	284.8425875	263.0881585	263.0881585
91	0	0	0	0	0	0	0	0	0	0	0	502.7429118	499.9185321	504.5117878	497.5870519	496.3268484	500.7265809	513.5765216	510.4418297	511.309154	515.6250345	496.9948679	521.6885726	496.1989201	492.2983537	473.5581076	471.5990947	482.6854213	491.1266076	496.9296938	486.6892288	477.5181958	484.6621159	482.4244815	488.2023258	506.5359377	496.8588154	530.7449594	557.6643533	480.0611281	480.8098099	507.9994996	521.7671873	551.7659336	571.3883824	580.9928505	562.0763522	649.2561133	629.9529684	591.6035642	591.6035642
93	0	0	0	0	0	1426.056634	1447.411684	1475.443564	1505.940082	1607.112589	1730.479346	1836.357742	1881.020589	2038.660885	2102.756279	2175.396981	2314.484371	2431.053869	2676.559918	2639.157787	2647.945571	2632.845245	2636.293381	2603.023058	2709.404057	2814.102655	2812.385754	2929.063459	2906.702976	2898.468215	2762.425116	2634.770374	2419.674982	2483.323714	2410.778708	2505.062221	2569.697741	2526.08594	2501.775666	2490.756559	2448.292038	2512.043198	2520.110236	2580.163466	2588.010404	2734.495515	2713.618604	2657.989236	2635.705169	2480.299023	2541.931957
94	3075.284946	2917.178771	3034.587912	3291.178378	3289.115789	3414.118557	3613.350254	3589.864322	3933.661692	3559.935961	4241.078431	4380.393204	4406.856459	5276.84434	5137.186047	5071.146789	5089.140909	5597.797297	5698.90625	6507.420354	6564.969298	7171.255411	7071.974359	7253.582278	7547.372385	7347.228216	7611.197531	7852.95122	7877.426971	7987.839335	8196.546311	7948.085271	7791.279203	8264.776346	8209.082707	8404.873134	8838.02963	8923.948529	9409.613139	10665.96396	11031.20641	11362.30526	11404.875	11305.96053	11531.68718	11729.26931	13690.21535	15709.13707	16541.77509	16404.69201	16876.02631
95	0	0	0	0	0	0	0	0	0	0	0	279.2680334	279.3935947	280.5664735	285.797222	289.7170438	294.8542487	296.2250508	290.6806193	297.4949035	298.4795688	307.3650711	312.683685	316.1852389	323.0814065	332.9919061	338.0358898	343.830484	354.8506198	364.5882972	372.8518308	380.2376825	388.10315	389.6931023	397.5663096	412.2431097	418.1036243	426.9680606	429.9175319	448.7846063	450.0480893	449.8942038	455.3560515	459.8807577	480.3413714	491.4278524	509.0957045	530.3736588	543.0204235	584.9579385	584.9579385
96	0	0	0	0	0	0	0	0	0	0	0	288.7696928	293.0993674	298.9372124	302.3496226	306.7802835	313.0535479	341.8697844	358.2066647	366.2399177	372.9687614	383.4910224	383.6535212	382.4642153	391.232678	396.2873213	426.8056636	429.1536237	432.8313918	449.318085	549.6611781	565.9933914	579.9141118	626.5156441	620.4335496	676.8837389	692.8955486	704.951113	679.5953933	725.9250875	729.5918561	740.0554651	760.1756391	752.1439974	795.1435081	797.969936	816.5305559	810.0785882	816.3527939	850.8267197	850.8267197
97	0	0	0	0	0	0	0	0	0	0	0	561.6047994	536.6651733	663.00414	767.1791325	809.2660323	894.3337461	966.0277948	904.9875416	992.6205188	984.1333623	1069.68452	1205.629868	991.4582545	1110.636072	1155.282481	1120.604441	1102.159821	1070.507767	1168.27755	1236.823509	1327.65095	1331.34262	1416.904434	1539.195719	1564.403629	1557.422488	1518.965703	1710.790969	2055.007065	1978.10644	2079.600636	2111.115107	2148.843046	2320.29908	2524.818452	2590.22754	2736.976272	2862.745825	2951.304787	2951.304787
98	0	0	0	0	0	0	0	0	0	0	0	427.5485969	468.470868	467.8814421	455.3912813	480.916769	573.099404	582.8809008	677.8311497	767.7005908	764.5024754	772.7513194	899.7180833	914.9814077	945.1595186	1006.705164	942.2716148	982.2686141	1077.049277	1115.984062	994.0211482	834.0895599	992.0200718	1092.382118	1225.926478	1241.833148	1213.94542	1118.395272	1109.03052	1045.746743	1043.826818	1121.488473	1133.280408	1210.597133	1244.935896	1216.595363	1226.563923	1128.74442	1138.90431	1034.86579	1034.86579
99	1316.30097	1399.637686	1415.749823	1455.314035	1523.550279	1512.588317	1632.304092	1768.918276	1882.796087	1979.076555	2028.604407	2255.916723	2203.838294	2247.904979	2277.891165	2092.227258	2116.761772	2210.691626	2188.648159	2538.66538	2421.528962	2399.904153	2360.822414	2340.585616	2348.4276	2437.411017	2503.393109	2602.784325	2589.253689	2656.177518	2848.871299	2840.688658	2785.125807	2828.41832	2961.824852	2946.812287	3131.302457	3248.165096	3425.266168	3539.838222	3600.089773	3739.786661	3695.391622	3587.530505	3579.248215	3470.473909	3456.019835	3451.683765	3367.080064	3215.872061	3333.284465
100	0	0	0	0	0	0	0	0	0	0	0	0	0	0	0	0	0	0	0	0	0	0	0	0	0	0	0	0	0	0	0	0	0	0	0	0	0	0	0	0	0	0	0	0	0	0	0	0	0	0	0
101	0	0	0	0	0	0	0	0	0	0	0	1870.109156	1756.331004	2368.436852	1732.933373	2032.764399	1832.148033	1786.487683	1849.399187	2005.813524	2017.273079	1840.735339	1958.317043	1793.922046	1828.539072	1788.996693	2102.245871	2278.479286	2451.745835	2488.923417	2462.52382	2326.412002	2582.815733	2636.863904	2740.569365	2798.570604	2803.605235	2883.230295	2887.950595	2739.605388	2901.714422	2974.995341	2922.800304	2968.335351	2891.647085	2919.925109	2964.010378	2990.877564	3052.841506	2878.30194	2873.332109
102	794.8205667	890.6864216	1007.034355	1119.729533	1221.739952	1316.473077	1431.075877	1551.504508	1698.419584	1832.498207	2026.211828	1949.13034	2050.750887	2175.603678	2212.201394	2106.078786	2264.067752	2204.195997	2247.57124	2340.031606	2318.422494	2265.918056	2206.525096	2203.867071	2253.70769	2284.814164	2311.554403	2407.253419	2462.809303	2566.099008	2583.899011	2645.667224	2627.312063	2611.947741	2578.415876	2799.324914	2796.033576	2834.217296	2912.717025	2957.044582	3011.875533	3021.063974	3016.166183	3114.726763	3128.308921	3137.384854	3089.506071	3016.317108	2942.621896	2735.049358	2813.51418
103	0	0	0	0	0	0	0	0	0	0	0	1060.564088	1331.985811	1491.030141	1375.000927	1332.213115	1193.470136	1153.486504	1186.728667	1214.385556	1068.191749	1073.88429	1040.311804	893.2385755	879.9504364	746.1598373	750.1635414	765.4628605	778.7090477	970.13769	1167.195397	1163.252352	1217.439913	1213.021842	1227.459544	1295.677419	1349.194946	1336.308299	1376.38042	1406.239738	1481.555558	1477.361722	1378.262304	1429.162509	1437.345817	1422.833157	1583.811348	1756.194409	1591.112682	1208.236014	1208.236014
104	873.9103148	962.9071127	1003.752254	1136.484868	1260.474547	1361.587239	1476.997495	1720.549744	1938.456833	2193.610127	2458.357094	2531.088536	2667.04675	2964.208218	2924.245711	2725.159326	2876.800853	2899.904218	2898.338814	3044.052844	2950.135346	2864.277438	2840.614442	2823.857839	3017.806162	3005.305456	3020.722624	3044.226716	3242.641025	3350.67434	3556.144143	3583.481759	3658.547827	3674.052756	3867.5005	3956.081035	4031.991388	4064.213409	3981.14328	4045.351915	4090.376456	4017.152624	4004.673985	3963.474655	4089.390362	4073.745697	4068.517854	4031.994083	3880.451018	3700.218853	3883.046557
105	0	0	0	0	0	0	0	0	0	0	0	307.3876841	325.1001005	358.0423003	366.5778953	407.9348066	506.9671076	498.9431995	592.6632689	585.5823241	689.6441999	829.1163237	906.5804792	945.5408535	1001.449927	981.4447806	1013.891764	1040.922347	995.8660109	967.6083115	1028.217035	950.1932299	1013.671042	961.2208562	991.4235077	1023.413588	1018.745238	1009.499989	1012.545134	991.4648008	1012.69432	978.1218099	1002.893807	1000.398916	1174.075047	1232.396009	1236.476612	1271.933416	1220.268533	1259.627895	1259.627895
106	0	0	0	0	0	0	0	0	0	0	0	0	0	0	0	0	0	0	0	0	0	0	0	0	0	0	0	0	0	0	4449.843039	4529.094496	4771.30421	3997.108279	3597.269796	3286.514283	2900.11758	2562.567235	2601.308824	2399.144381	2390.669585	2319.136902	2666.410098	2879.88653	3362.132471	3349.790048	4010.774241	4268.826749	4417.761224	4134.067692	4134.067692
107	0	0	0	0	0	0	0	0	0	0	0	464.5913928	468.6430651	464.1501555	464.4623942	458.7862806	463.5289614	468.6023113	465.1278885	464.1852843	463.6341853	459.0916735	450.3983092	441.5792888	449.8200414	452.2356739	474.5393313	476.7608777	471.9517096	472.5880323	466.5855937	459.553563	455.8382547	447.6556458	444.2771161	454.9406178	454.4290272	446.5939282	449.1918047	445.9369813	447.1924141	440.2566128	440.147135	443.5141696	454.2753169	458.8983174	466.8505043	463.121037	463.3170286	474.4599058	474.4599058
108	0	0	0	0	0	0	0	0	0	0	0	0	0	0	0	0	0	0	0	0	0	0	0	0	0	0	0	0	0	0	99	0	0	0	0	0	0	0	0	0	0	0	0	0	88.49753313	86.96786537	106.9129942	115.7370874	115.7370874	115.7370874	115.7370874
109	0	0	0	0	0	0	0	0	0	0	0	7544.128542	7766.447316	7656.112744	6865.926998	6149.504675	6297.876592	6439.309374	6659.268211	7965.985033	7590.135683	7121.508696	7571.582939	7686.309498	7590.32411	8051.696159	8273.31616	8530.938164	9947.593047	11310.0108	4363.757115	1325.256868	0.003165093	0.003882315	0.004053367	9135.879664	8986.197578	8803.947077	9567.613525	9749.453618	9689.597411	9985.800074	9971.534668	10344.77611	10719.05311	11660.15802	10963.57935	10780.60215	10935.06507	11402.05707	11402.05707
110	0	0	0	0	0	0	0	0	0	0	0	0	0	0	0	0	0	0	0	0	0	0	0	0	0	0	0	0	0	0	1692.55754	1509.992214	1095.324461	851.9337442	615.472467	519.4372426	592.0543268	548.8374603	575.5357515	495.9287506	488.742091	445.2304836	499.809541	533.5013694	537.6060173	516.8367843	518.931261	564.0631925	518.3353228	565.7467093	565.7467093
111	0	0	0	0	0	0	0	0	0	0	0	0	0	0	0	0	0	0	0	0	0	0	0	0	0	0	0	0	0	0	0	0	0	0	0	0	0	0	0	0	0	0	0	0	0	0	0	0	0	0	0
112	0	0	0	0	0	0	0	0	0	0	0	0	0	0	0	0	0	0	0	0	0	0	0	0	0	0	0	0	0	0	2940.947692	2779.699474	2319.737462	2040.570766	1873.702119	1827.611531	1810.948615	1795.313878	1783.951452	1642.440167	1565.802277	1725.27003	1706.00941	1819.436023	1879.814633	1920.583331	1987.351111	2051.662054	1978.593562	1871.426899	1871.426899
113	0	0	0	0	0	0	0	0	0	0	0	730.7566811	734.3539468	892.0609516	897.6168881	782.4122542	831.7757646	648.6866161	773.6901311	834.7509483	885.0899472	839.7694332	631.6705018	678.6382705	687.1994468	807.0650959	894.5945151	923.4727941	686.1614509	675.5781215	662.7030103	799.1682917	782.8669168	1080.464053	1143.114294	1273.250102	1314.081371	1459.882135	1416.056217	1462.976347	1310.683	1381.896935	1348.483031	1325.381452	1315.454915	1236.598131	1161.811582	1013.936344	1298.085994	1580.315417	1580.315417
114	0	0	0	0	0	0	0	0	0	0	0	0	0	0	0	0	0	0	0	0	0	0	0	0	0	0	0	0	0	0	0	0	0	0	0	0	0	0	0	0	0	0	0	0	13.67851389	15.97481208	9.110258583	9.021294052	9.021294052	9.021294052	9.021294052
115	0	0	0	0	0	0	0	0	0	0	0	0	0	0	0	0	0	0	0	0	0	0	0	0	0	0	0	0	0	0	0	0	0	0	0	0	0	0	0	0	0	0	0	0	0	0	0	0	0	0	0
116	0	0	0	0	0	0	0	0	0	0	0	754.9244025	1012.753662	1147.43331	1226.382411	1486.120843	1292.369086	1541.074997	1674.527661	1795.764899	2249.582109	2303.848988	2378.348253	2380.153104	2475.919746	2591.647464	2539.747049	2702.18342	2503.723572	2802.682643	2614.033724	3068.814318	2804.731961	2929.871273	3196.431444	3307.564656	3124.579217	3176.107173	3193.454062	3043.682479	3168.433792	3186.478148	3109.099933	3124.973877	3227.435197	3042.884312	2991.692708	2959.055814	3125.961279	3258.21523	3258.21523
117	0	0	0	0	0	0	0	0	0	0	0	0	0	0	0	0	0	0	0	0	0	0	0	0	0	0	0	0	0	0	0	0	0	0	0	0	0	0	0	0	0	0	0	0	0	0	0	0	0	0	0
118	0	0	0	0	0	0	0	0	0	0	0	0	0	0	0	0	0	0	0	0	0	0	0	0	0	0	0	0	0	0	4357.216604	4560.49973	2965.505405	2454.07331	2209.371788	2408.686674	2630.317337	2508.436313	2649.604219	2262.781082	2038.021326	2336.089302	2512.199235	2627.861404	2670.59845	2521.213108	2497.617618	2740.806572	2733.094013	2511.663277	2511.663277
119	10492.32772	10469.4197	10351.6083	10420.79877	11074.02727	10877.17718	10452.27599	10355.63544	11093.19762	11938.81832	12083.74338	11774.4087	11954.38541	12567.87071	12938.25406	10459.81415	10663.57163	10268.83882	11087.03009	10439.58459	9754.560153	8517.292123	8058.361149	7576.66302	8108.200437	8335.697168	8138.251691	7922.647296	8161.71176	8688.416314	8931.858059	9412.090439	9342.614904	9346.484685	8912.465099	7711.006424	7732.638059	7417.77089	7067.873793	7258.837331	7519.867064	7899.955835	8116.653779	8464.346921	9291.751711	9393.657639	9137.124262	8723.318882	8564.446946	7934.069665	8312.669647
121	0	0	0	0	0	0	0	0	0	0	0	0	0	0	0	0	0	0	0	0	0	0	0	0	0	0	0	0	0	0	0	0	0	0	0	0	0	0	0	0	0	0	0	0	0	0	0	0	0	0	0
122	0	0	0	0	0	0	0	0	0	0	0	0	0	0	0	0	0	0	0	0	0	0	0	0	0	0	0	0	0	0	0	0	0	0	0	0	0	0	0	0	0	0	0	0	0	0	0	0	0	0	0
123	0	0	0	0	0	0	0	0	0	0	0	526.5335219	521.4244824	506.2910799	561.9302006	581.4301549	617.2472828	609.9698128	767.9884706	877.7716716	859.1027014	899.0822809	885.4496541	1003.502318	1006.29216	984.6227105	1063.549893	1049.388312	1072.871867	1127.607543	1207.536817	1376.550946	1511.752576	1622.197724	1569.215993	1791.052425	1786.308693	2023.684963	1871.902669	1784.991607	2018.844874	2083.495166	2073.548531	2202.855973	2122.039731	2396.604844	2403.370467	2570.243541	2655.20714	2390.971254	2390.971254
124	0	0	0	0	0	0	0	0	0	0	0	0	0	0	0	0	0	0	0	0	0	0	0	0	0	0	0	0	0	0	231.9041891	0	0	0	0	0	0	0	0	0	0	0	0	0	859.1419577	762.0918575	961.8628076	985.0464026	985.0464026	985.0464026	985.0464026
125	0	0	0	0	0	0	0	0	0	0	0	0	0	0	0	0	0	0	0	0	0	0	0	0	0	0	0	0	0	0	0	0	0	0	0	0	0	0	0	0	0	0	0	0	0	0	0	0	0	0	0
126	0	0	0	0	0	0	0	0	0	0	0	650.8851242	819.3032994	791.6135204	722.2358604	638.1128049	712.3768909	736.4869751	835.3595362	788.755725	874.3598901	989.3924815	1131.679482	875.2235865	1173.891768	1001.43314	1652.138129	1718.159544	1836.090395	1948.392157	1929.875	1849.813225	1812.150167	2295.9989	2060.819717	1876.206349	1836.210526	2046.305483	1794.163636	1941.311856	1732.094872	2001.335783	1851.91265	2071.498462	2044.79799	2131.800702	2019.443515	2120.818971	1986.940163	1934.726221	1934.726221
127	0	0	0	0	0	0	0	0	0	0	0	0	0	0	0	0	0	0	0	0	0	0	0	0	0	0	0	0	0	0	0	0	0	0	0	0	0	0	0	0	0	0	0	0	558.0357143	557.2957703	574.6025666	609.6747766	609.6747766	609.6747766	609.6747766
128	0	0	0	0	0	0	0	0	0	0	0	0	0	0	0	0	0	0	0	0	0	0	0	0	0	0	0	0	0	0	0	0	0	0	0	0	0	0	0	0	0	0	0	0	0	0	0	0	0	0	0
129	0	0	0	0	0	0	0	0	0	0	0	0	0	0	0	0	0	0	0	0	0	0	0	0	0	0	0	0	0	0	0	0	0	0	0	0	0	0	0	0	0	0	0	0	0	0	0	0	0	0	0
130	0	0	0	0	0	0	0	0	0	0	0	0	0	0	0	0	0	0	0	0	0	0	0	0	0	0	0	0	0	0	454	0	0	0	0	0	0	0	0	0	0	0	0	0	826.1809361	866.2758103	936.162945	947.0988949	947.0988949	947.0988949	947.0988949
131	0	0	0	0	0	0	0	0	0	0	0	0	0	0	0	0	0	0	0	0	0	0	0	0	0	0	0	0	0	0	0	0	0	0	0	0	0	0	0	0	0	0	0	0	0	0	0	0	0	0	0
132	0	0	0	0	0	0	0	0	0	0	0	804.2841369	863.2652182	925.9689867	956.5190476	982.2611361	1021.530075	1074.244831	1169.266178	1250.375864	1382.964662	1444.208958	1480.53148	1366.684796	1400.088299	1425.703609	1359.270893	1400.201402	1388.570385	1421.594396	1452.943578	1490.223937	1478.04166	1458.316318	1480.394361	1406.742645	1415.434721	1433.742882	1456.609777	1490.07477	1451.820252	1441.75856	1468.158041	1478.163548	1512.300163	1597.933401	1589.588365	1610.838263	1636.928249	1558.820515	1497.344486
133	0	0	0	0	0	0	0	0	0	0	0	804.2841369	863.2652182	925.9689867	956.5190476	982.2611361	1021.530075	1074.244831	1169.266178	1250.375864	1382.964662	1444.208958	1480.53148	1366.684796	1400.088299	1425.703609	1359.270893	1400.201402	1388.570385	1421.594396	1452.943578	1490.223937	1478.04166	1458.316318	1480.394361	1406.742645	1415.434721	1433.742882	1456.609777	1490.07477	1451.820252	1441.75856	1468.158041	1478.163548	1512.300163	1597.933401	1589.588365	1610.838263	1636.928249	1558.820515	1497.344486
134	0	0	0	0	0	0	0	0	0	0	0	0	0	0	0	0	0	0	0	0	0	0	0	0	0	0	0	0	0	0	0	0	0	0	0	0	0	0	0	0	0	0	0	0	0	0	0	0	0	0	0
135	0	0	0	0	0	0	0	0	0	0	0	0	0	0	0	0	0	0	0	0	0	0	0	0	0	1625.320223	1703.091103	1745.193222	1808.398433	1672.867348	1558.187647	1717.347513	1487.038054	1379.514943	1184.575921	1172.67059	980.2177633	952.2121675	951.1503468	943.6802963	980.3820983	970.7703588	1023.656559	990.0542295	1008.387082	1005.00326	1108.961075	1159.579563	1160.239238	1193.902699	1193.902699
136	0	0	0	0	0	0	0	0	0	0	0	0	0	0	0	0	0	0	0	0	0	0	0	0	0	0	0	0	0	0	0	0	0	0	0	0	0	0	0	0	0	0	0	0	0	0	0	0	0	0	0
137	0	0	0	0	0	0	0	0	0	0	0	154.7311238	164.370493	180.4897359	194.9870729	197.8524698	212.1851734	231.7844382	238.3513311	250.8391878	248.8881234	241.7819827	245.3269529	250.6487249	252.0162412	250.4230171	252.5124568	253.1328061	261.0732481	279.5812195	280.0992127	289.7952373	302.9566973	309.488301	327.9264881	319.067497	332.1219658	337.9454435	340.2507396	358.3695906	355.5832002	374.1947428	375.8980423	369.9878429	403.6839519	430.0820141	433.6768475	462.7427014	478.0129134	476.8014211	476.8014211
138	0	0	0	0	0	0	0	0	0	0	0	713.4763462	684.6869701	672.4747775	651.1668067	628.9935433	603.776667	596.8539525	564.8629291	552.4321516	553.2963194	526.7435338	514.7575282	498.9801402	484.5198507	477.4489215	470.7221664	466.6421403	462.0613177	455.7511156	437.1445174	425.0539862	416.9206854	409.7361152	399.143353	394.4103261	390.0320315	390.9286261	384.9237615	382.7664108	394.0889273	403.7491237	398.1877416	408.8290817	413.6400418	408.7334466	410.6140017	423.4610495	420.3913957	427.2257273	427.2257273
139	0	0	0	0	0	0	0	0	0	0	0	294.0099755	291.6087646	280.2062468	284.9580072	283.1120737	286.9650171	286.6049166	284.2778953	283.6575713	285.7242442	284.1274293	284.4442737	282.7516126	287.3671569	303.3171379	303.9745217	287.534179	279.6341971	282.4853726	271.3632858	262.9781273	267.2566848	261.3766816	273.8924842	279.3125915	275.8006896	277.7374735	281.4478285	277.5734967	278.0498807	268.1881788	278.2824824	297.3425233	315.7619859	344.7138481	331.794974	331.9549996	330.9898992	316.4227991	316.4227991
140	0	0	0	0	0	0	0	0	0	0	0	0	0	0	0	0	0	0	0	0	0	0	0	0	0	0	0	0	0	0	0	444.7969937	465.2005522	493.9029752	523.5895789	550.2812241	576.307118	571.7786459	577.1919012	538.3850324	537.3636685	592.7595501	592.1446553	620.8723415	684.4889663	692.5220835	725.8781877	746.5117852	836.2632259	763.8043815	763.8043815
141	0	0	0	0	0	0	0	0	0	0	0	0	0	0	0	0	0	0	0	0	0	0	0	0	0	0	0	0	0	0	0	0	0	0	0	0	0	0	0	0	0	0	0	0	0	0	0	0	0	0	0
142	0	0	0	0	0	0	0	0	0	0	0	300.0603447	301.353592	303.4269392	302.4313145	301.0112338	299.3631955	299.8507407	299.3755774	302.1800158	303.2004817	301.2153616	302.2868127	304.9081021	305.2807787	300.8711145	303.7020985	302.1474378	301.9608477	298.7257377	303.3985945	305.6470819	305.4606226	305.8408023	308.9064596	310.8007308	310.468654	312.6819711	313.034728	322.3533299	332.2751492	335.2489717	331.2438462	333.0451932	330.5823161	334.7129393	327.6078447	327.4457971	332.0693001	338.4035936	338.4035936
143	1825.735486	1878.928602	2080.910554	2268.41994	2349.172095	2493.137942	2605.611593	2762.77298	3042.676748	3362.744448	3765.4281	3855.163471	4380.872759	4613.32108	4501.371207	4318.833602	4742.992595	4560.3361	4662.504949	4868.729235	4548.760495	4269.476451	3785.033955	3935.976056	4147.762202	4184.323558	4317.397955	4387.681759	4321.128049	4323.8311	4393.059724	4602.581951	4503.489656	4511.785428	4509.968544	4576.176132	4732.306954	4580.545781	4602.391897	4521.191016	4597.82834	4712.299625	4687.98228	4807.931279	4856.638946	4829.935573	4700.183242	4843.796088	4837.166893	4729.159957	5016.126629
144	0	0	0	0	0	0	0	0	0	0	0	0	0	0	0	0	0	0	0	0	0	0	0	0	0	0	0	0	0	0	0	0	0	0	0	0	0	0	0	0	0	0	0	0	0	0	0	0	0	0	0
145	0	0	0	0	0	0	0	0	0	0	0	0	0	0	0	0	0	0	0	0	0	0	0	0	0	0	0	0	0	0	0	0	0	0	0	0	0	0	0	0	0	0	0	0	0	0	0	0	0	0	0
146	1731.46543	1808.220248	1820.007655	1966.898499	2217.744681	2275.049467	2320.29858	2208.961821	2339.916667	2381.88766	2484.379078	2421.831465	2651.48725	2712.95839	2957.887235	2835.360868	2996.170685	3125.195833	3031.993592	2834.458025	2886.231288	2831.771065	2989.574635	3055.437502	3225.389818	3422.609506	3431.643271	3420.559758	3537.053731	3736.794585	3719.644722	3783.825355	3827.671943	3993.479648	4025.552333	4065.373224	4172.066988	4278.493944	4162.557798	4288.901202	4359.974338	4334.184255	4346.823604	4193.299066	4134.814679	4004.607513	4025.868422	3998.813708	4042.530863	4032.336763	4192.809881
147	0	0	0	0	0	0	0	0	0	0	0	501.6461232	497.7069142	525.9675605	533.6509491	533.7969559	553.0653471	587.9304172	549.5242871	459.5146442	472.9365028	470.9900497	465.7273209	471.5068344	513.4288432	524.4613594	517.3948115	510.55188	489.3692271	506.6297159	507.8318587	512.1322268	518.0869172	500.8823565	497.9178985	504.2186395	510.4703746	527.5697495	513.3032403	528.0691849	535.9979613	537.490228	552.9255953	587.2976253	612.4308534	611.8806062	622.9939345	551.1437268	540.8067355	540.3195668	540.3195668
148	0	0	0	0	0	0	0	0	0	0	0	0	0	0	0	0	0	0	0	0	0	0	0	0	0	0	0	0	0	0	0	0	0	0	0	0	0	0	0	0	0	0	0	0	0	0	0	0	0	0	0
149	0	0	0	0	0	0	0	0	0	0	0	614.0176464	619.7379039	630.4829607	632.6051126	640.7214019	653.3180997	666.295404	676.1945227	682.8703501	694.4338266	706.945707	722.5766361	725.3073079	710.7024641	715.7047117	705.7372158	715.5011235	720.3382689	726.6871071	723.5345535	738.4989055	754.5800214	749.6461003	712.9074843	727.1979901	735.1704615	731.3581487	697.2679742	724.1791424	726.1428901	733.8569039	744.8187509	740.4577407	740.5950089	745.2199254	733.489523	720.6616712	735.8831501	700.7112497	700.7112497
150	0	0	0	0	0	0	0	0	0	0	0	0	0	0	0	0	0	0	0	0	0	0	0	0	0	0	0	0	0	0	0	0	0	0	0	0	0	0	0	0	0	0	0	0	0	0	0	0	0	0	0
151	0	0	0	0	0	0	0	0	0	0	0	0	0	0	0	0	0	0	0	0	0	0	0	0	0	0	0	0	0	0	0	0	0	0	0	0	0	0	0	0	0	0	0	0	0	0	0	0	0	0	0
152	0	0	0	0	0	0	0	0	0	0	0	0	0	0	0	0	0	0	0	0	0	0	0	0	0	0	0	0	0	0	0	0	0	0	0	0	0	0	0	0	0	0	0	0	0	0	0	0	0	0	0
153	1906.303215	1937.537396	2052.008244	2182.71748	2320.226042	2539.712329	2710.086864	2815.345046	3050.886881	3190.924176	3416.584215	3407.096336	3495.963895	3600.030043	3573.206775	3642.65161	3952.045951	4049.845659	4350.23257	4457.188068	4477.268638	4406.13122	4254.451033	4414.495766	4663.473671	4805.611847	5013.484769	5037.527347	4807.750772	4972.460847	4951.677944	5090.381069	5143.516937	5442.821429	5296.147212	5372.386009	5181.743894	5467.830885	5661.793321	5899.456726	5759.53507	5902.321516	5490.42684	5921.554135	5757.985021	5787.639151	5817.368378	5849.373762	6249.367897	5849.343906	6332.364224
154	0	0	0	0	0	0	0	0	0	0	0	0	0	0	0	0	0	0	0	0	0	0	0	0	0	0	0	0	0	0	0	0	0	0	0	0	0	0	0	0	0	0	0	0	0	0	0	0	0	0	0
155	0	0	0	0	0	0	0	0	0	0	0	299.0475688	110.5422858	117.8691076	174.0688834	265.9275554	399.3596136	746.1757339	526.4737016	755.179854	973.3429157	784.1202761	1124.293118	980.9466736	1531.665447	1371.716036	1237.920626	1371.608057	1275.998632	1427.488644	2258.014887	2999.851056	2788.904768	2882.210544	2819.22177	2891.092276	2786.556162	2981.702375	3012.054518	3131.419962	3646.27105	3775.270482	3924.224686	4085.544445	4132.345892	4482.946767	5548.263485	5764.81686	6235.396932	5554.060427	5554.060427
156	0	0	0	0	0	0	0	0	0	0	0	279.1982941	278.876724	284.5615677	292.2842803	296.9397186	291.5046754	295.198423	296.4984212	303.0249139	308.4503949	318.0232521	326.6328015	331.9221824	332.0973999	338.0907984	341.1662197	362.8476864	368.2731185	378.097831	382.9184131	384.0253617	397.3409593	407.5048223	413.4531563	420.7104819	429.1771317	428.2761408	425.2969972	437.3427614	439.5507854	438.6435218	435.5068355	448.6074057	471.9363458	480.1552881	492.510073	512.0180354	494.3545374	501.599569	501.599569
157	0	0	0	0	0	0	0	0	0	0	0	0	0	0	0	0	0	0	0	0	0	0	0	0	0	0	0	0	0	0	4868.624561	0	0	0	0	0	0	0	0	0	0	0	0	0	0	0	0	0	0	0	0
158	0	0	0	0	0	0	0	0	0	0	0	1071.684904	1152.627633	1231.106099	1181.657967	970.659164	930.0480169	906.0684009	861.4659892	893.6033696	709.6653455	742.3064354	798.0476781	830.9965096	748.4764148	701.5544883	697.1011406	733.3696005	668.001561	616.3600744	603.4054851	637.1679299	717.0058585	713.3704224	734.7786022	725.2180299	759.5823433	784.1554405	881.0439085	857.964241	853.031975	894.0309729	808.9239174	795.2315821	777.8105318	785.6324311	853.507409	806.5910938	822.5790969	895.5157874	895.5157874
159	0	0	0	0	0	0	0	0	0	0	0	0	0	0	0	0	0	0	0	0	0	0	0	0	0	0	0	0	0	0	0	0	0	0	0	0	0	0	0	0	0	0	0	0	0	0	0	0	0	0	0
160	0	0	0	0	0	0	0	0	0	0	0	537.8377762	538.5939071	569.1842572	551.1034665	526.0100074	545.5006477	578.2202219	628.6938523	622.3369214	652.5077877	635.0407902	631.6498042	626.75327	621.446298	616.4262741	625.3906852	703.3736794	731.478407	765.0973703	723.8933424	728.5144377	707.1880361	716.983223	765.212835	818.6233999	818.7456041	871.0452375	841.3141948	785.919675	720.5453165	718.5049068	698.1552854	698.5345031	692.0586656	696.7804692	699.0417231	707.5597761	719.6667481	749.368958	749.368958
161	0	0	0	0	0	0	0	0	0	0	0	673.1789731	654.881904	663.5526981	682.8785703	683.7784117	675.7988098	681.6403644	644.2418014	625.4743995	651.2328575	639.2514183	635.2833551	570.5469227	571.151376	543.6805576	541.390495	543.6659727	523.2003988	472.754652	448.8828199	431.6420732	411.7613517	431.4057217	438.7923223	460.4488163	465.9934559	443.4165137	458.7553176	481.0741589	472.574449	449.7078611	446.7137751	432.331481	472.6437267	495.1523415	475.3941729	508.9119614	528.51577	550.3396783	550.3396783
162	0	0	0	0	0	0	0	0	0	0	0	426.9803327	416.7970258	450.4613162	438.232031	451.6293025	460.4299524	466.0073697	460.7000017	474.1478888	483.3483601	472.2564136	471.4491308	497.4516271	435.438613	444.16323	433.7858776	441.9031174	454.0270738	465.4672773	468.8050535	457.3269309	467.3047195	456.8871395	478.10485	490.6755555	497.1999643	511.8493029	514.2554437	515.9883719	522.8769926	491.081885	487.4206652	478.5913406	466.4564122	457.9776313	445.9426324	430.2451441	439.2146978	423.5680281	423.5680281
163	0	0	0	0	0	0	0	0	0	0	0	0	0	0	0	0	0	0	0	0	0	0	0	0	0	0	0	0	0	0	0	0	0	0	0	0	0	0	0	0	0	0	0	0	0	0	0	0	0	0	0
164	1832.703089	1894.039379	1975.823704	1985.581962	2030.189179	2084.630652	2139.744842	2202.013054	2289.495713	2437.85354	2560.846707	2625.344551	2692.812447	2783.872074	2881.161171	3028.803686	3157.418165	3250.971872	3483.981662	3564.340755	3558.940581	3245.003036	3412.835785	3350.9895	3210.825757	3351.827406	3464.270905	3535.889019	3493.525223	3259.108263	2704.822397	2641.048206	2569.043678	2624.711797	2495.780597	2577.811603	2679.453467	2641.682717	2469.596077	2405.371204	2317.483907	2346.067813	2324.201883	2384.658249	2393.026786	2420.428846	2544.041261	2536.843058	2567.377846	2463.518374	2663.439685
165	333.6969284	365.5010294	362.1246591	392.7104255	406.333242	434.5898191	442.9323292	474.3724047	481.9426007	558.3287165	637.1601689	726.029963	745.2347353	798.8444341	824.3955906	845.4061366	872.4249065	845.4292967	916.7933668	998.1880758	1022.496314	1006.531114	1119.235232	1118.291024	1116.702172	1095.19298	1211.134186	1245.670502	1306.313804	1586.537587	1691.522332	1705.678712	1809.086721	1780.868859	1823.431286	2015.698913	1993.507111	2092.906135	2254.875309	2409.474052	2412.804782	2410.81846	2490.621941	2406.715209	2459.618148	2508.874703	2333.476595	2385.064009	2299.879415	2266.255236	2210.037621
166	0	0	0	0	0	0	0	0	0	0	0	0	0	0	0	0	0	0	0	0	0	0	0	0	0	0	0	0	0	0	0	0	0	0	0	0	0	0	0	0	0	0	0	0	0	0	0	0	0	0	0
167	0	0	0	0	0	0	0	0	0	0	0	7832.949835	7879.893521	10171.19407	8087.444977	12786.30516	9055.898601	9750.127314	8526.699335	13854.58839	15020.60976	16285.15097	17058.70705	15671.69589	16036.56111	14828.44573	14455.83635	14028.07469	13973.3511	13684.6433	13098.36571	14289.69656	14818.97322	15311.7659	15312.8638	15937.7088	16411.32309	18343.75467	18628.30614	19224.41609	18029.42346	19906.07953	19889.07562	20818.01989	23599.08466	20550.78893	19244.3087	19240.16544	16513.33467	14911.14713	14911.14713
168	0	0	0	0	0	0	0	0	0	0	0	520.6551049	555.2319618	634.8874397	676.6654345	693.2677078	758.5898351	866.2686477	935.1867781	1063.20203	1080.976996	1045.088371	1094.247877	1169.811526	1266.432857	1311.768931	1485.553953	1587.194444	1766.665873	1861.914653	2171.428935	2309.832717	2540.155509	2823.759987	2971.523924	3210.160069	3454.733048	3726.082626	3377.524229	3708.670785	4000.918801	4032.392001	4170.091764	4234.041601	4334.04946	4364.577797	4421.052322	4584.498452	4669.006398	4701.376392	5043.804706
170	0	0	0	0	0	0	0	0	0	0	0	2058.009819	2131.353095	2296.598329	2285.646346	2438.373594	2607.171407	2747.828793	2934.19364	2887.888607	2938.029233	2896.831521	2881.518374	2894.906709	2860.846541	2857.615842	2921.811725	3028.809765	3034.166565	2988.26028	2682.554359	2214.16735	2052.102155	1996.162865	1883.838502	2040.626207	2098.856378	1978.369602	1806.015731	1607.418276	1612.398565	1654.813573	1739.56628	1806.312829	1783.765055	1767.370126	1841.861691	1830.624379	1832.17382	1601.755712	1601.755712
171	0	0	0	0	0	0	0	0	0	0	0	0	0	0	0	0	0	0	0	0	0	0	0	0	0	0	0	0	0	0	5928.792747	5861.248526	5351.216324	5057.920455	4428.889427	4297.570241	4264.848347	4086.636907	4002.407293	4162.338175	4232.75414	4289.249641	4288.36168	4462.829855	4500.479474	4552.64846	4706.475782	4733.220844	4850.177591	4560.556821	4560.556821
172	0	0	0	0	0	0	0	0	0	0	0	520.6551049	555.2319618	634.8874397	676.6654345	693.2677078	758.5898351	866.2686477	935.1867781	1063.20203	1080.976996	1045.088371	1094.247877	1169.811526	1266.432857	1311.768931	1485.553953	1587.194444	1766.665873	1861.914653	2171.428935	2309.832717	2540.155509	2823.759987	2971.523924	3210.160069	3454.733048	3726.082626	3377.524229	3708.670785	4000.918801	4032.392001	4170.091764	4234.041601	4334.04946	4364.577797	4421.052322	4584.498452	4669.006398	4701.376392	5043.804706
173	0	0	0	0	0	0	0	0	0	0	0	0	0	0	0	0	0	0	0	0	0	0	0	0	0	0	0	0	0	0	0	0	0	0	0	0	0	0	0	0	0	0	0	0	0	0	0	0	0	0	0
174	0	0	0	0	0	0	0	0	0	0	0	0	0	0	0	0	0	0	0	0	0	0	0	0	0	0	0	0	0	0	0	0	0	0	0	0	0	0	0	0	0	0	0	0	0	0	0	0	0	0	0
175	0	0	0	0	0	0	0	0	0	0	0	0	0	0	0	0	0	0	0	0	0	0	0	0	0	0	0	0	0	0	0	0	0	0	0	0	0	0	0	0	0	0	0	0	0	0	0	0	0	0	0
176	0	0	0	0	0	0	0	0	0	0	0	0	0	0	0	0	0	0	0	0	0	0	0	0	0	0	0	0	0	0	0	0	0	0	0	0	0	0	0	0	0	0	0	0	0	0	0	0	0	0	0
177	0	0	0	0	0	0	0	0	0	0	0	0	0	0	0	0	0	0	0	0	0	0	0	0	0	0	0	0	0	0	0	0	0	0	0	0	0	0	0	0	0	0	0	0	0	0	0	0	0	0	0
178	0	0	0	0	0	0	0	0	0	0	0	0	0	0	0	0	0	0	0	0	0	0	0	0	0	0	0	0	0	0	0	0	0	0	0	0	0	0	0	0	0	0	0	0	0	0	0	0	0	0	0
179	0	0	0	0	0	0	0	0	0	0	0	0	0	0	0	0	0	0	0	0	0	0	0	0	0	0	0	0	0	0	268.0365512	0	0	0	0	0	0	0	0	0	0	0	0	0	311.6322295	316.2502705	315.3247845	319.9523381	319.9523381	319.9523381	319.9523381
180	0	0	0	0	0	0	0	0	0	0	0	0	0	0	0	0	0	0	0	0	0	0	0	0	0	0	0	0	0	0	0	0	0	0	0	0	0	0	0	0	0	0	0	0	0	0	0	0	0	0	0
181	0	0	0	0	0	0	0	0	0	0	0	0	0	0	0	0	0	0	0	0	0	0	0	0	0	0	0	0	0	0	202	0	0	0	0	0	0	0	0	0	0	0	0	0	252.8091756	281.7418197	283.9259211	279.6118479	279.6118479	279.6118479	279.6118479
182	0	0	0	0	0	0	0	0	0	0	0	1220.51319	990.4259201	1092.153169	1161.774286	1193.921334	1310.939094	1384.785946	1966.601652	2435.675244	3173.037936	4052.192675	4261.084054	4379.392523	3644.08634	3478.96782	3314.448061	3795.774888	4178.965976	4030.800406	3702.785225	4175.001638	4609.37997	4579.612516	4774.996359	4734.288926	4954.286029	4690.48553	4922.251634	4935.510089	5054.7973	5157.097844	5449.04816	5434.781217	6190.536977	6053.805323	6379.735088	5650.426973	5888.245793	5888.098689	5888.098689
183	0	0	0	0	0	0	0	0	0	0	0	293.4985098	288.1847618	292.2601486	291.3352803	290.040029	288.7427222	288.9327714	282.8503543	288.6986983	288.2995602	278.7836817	268.6467496	261.7127887	267.5646344	250.4173757	254.3593212	263.074873	242.728784	234.065049	232.8770282	224.2979256	231.4356722	223.9986204	216.245576	222.8231745	222.287814	229.7954258	236.6652068	243.3174476	252.2475079	265.5780538	262.5569255	248.2416899	258.5261606	256.7071024	246.4884661	245.9345858	242.5380646	242.7642499	242.7642499
184	0	0	0	0	0	0	0	0	0	0	0	0	0	0	0	0	0	0	0	0	0	0	0	0	0	0	0	0	0	0	2550.4855	2169.582376	1953.61823	1647.422992	1507.230736	1755.209268	2091.297796	2234.450728	2235.677867	1628.954481	1771.192412	1937.600829	2056.138968	2155.556426	2356.533971	2155.661061	2302.391572	2244.625574	2299.237669	1973.785404	1973.785404
185	0	0	0	0	0	0	0	0	0	0	0	0	0	0	0	0	0	0	0	0	0	0	0	0	0	0	0	0	0	0	537	0	0	0	0	0	0	0	0	0	0	0	0	0	3103.030303	2750.301568	2872.340426	2410.828737	2410.828737	2410.828737	2410.828737
186	0	0	0	0	0	0	0	0	0	0	0	0	0	0	0	0	0	0	0	0	0	0	0	0	0	0	0	0	0	0	0	0	0	0	0	0	0	0	0	0	0	0	0	0	0	0	0	0	0	0	0
187	0	0	0	0	0	0	0	0	0	0	0	1292.180312	1569.762546	1711.835841	1795.817937	1640.198409	1693.468818	1763.457634	2214.209006	2130.373322	2125.874482	2124.652191	1986.646392	2195.688922	2455.559663	2472.683114	2605.336261	2732.386306	2956.587843	2872.463323	3759.839186	4102.869446	4525.881078	5426.360646	6401.25446	5289.071641	5366.212167	5930.936512	5034.49837	4634.33223	4778.246729	5299.040358	5049.729885	3737.43171	4659.99184	4363.163299	4377.676648	3410.989626	3451.89135	3704.391892	3704.391892
188	0	0	0	0	0	0	0	0	0	0	0	3108.446479	3208.89738	3334.335196	3456.417872	3539.733716	3612.785418	3749.220856	3885.554904	3935.344848	3982.219569	3844.681887	3729.727782	3743.266182	3907.520632	3992.902866	3950.893649	4054.435452	4087.811304	4068.629224	4036.997539	3620.436684	3409.768774	3335.235886	3260.040955	3314.510422	3363.458176	3361.677824	3256.249285	3271.962692	3292.630532	3456.686696	3482.49098	3464.735435	3409.801841	3495.53657	3457.429774	3306.946709	3385.488473	3086.145658	3177.837826
189	0	0	0	0	0	0	0	0	0	0	0	0	0	0	0	0	0	0	0	0	0	0	0	0	0	0	0	0	0	0	2857.651769	2775.797572	2583.918161	2749.635957	2828.694253	3049.190452	3174.922652	3310.237991	3252.215273	3238.477462	3224.257919	3379.342871	3425.363089	3463.393509	3570.043226	3645.458526	3648.401888	3626.925429	3826.946405	3416.628384	3455.297856
190	0	0	0	0	0	0	0	0	0	0	0	0	0	0	0	0	0	0	0	0	0	0	0	0	0	0	0	0	0	0	172.2369939	0	0	0	0	0	0	0	0	0	0	0	0	0	126.9371595	123.4554762	122.1532091	128.9049125	128.9049125	128.9049125	128.9049125
191	0	0	0	0	0	0	0	0	0	0	0	0	0	0	0	0	0	0	0	0	0	0	0	0	0	0	0	0	0	0	0	0	0	0	0	0	0	0	0	0	0	0	0	0	0	0	0	0	0	0	0
192	0	0	0	0	0	0	0	0	0	0	0	1997.545066	1989.119587	2065.689197	2106.777681	2173.993408	2200.777961	2194.629784	2270.599361	2292.158294	2368.237562	2554.300275	2734.777834	2742.661614	2900.745298	2830.660811	2877.079182	2905.164792	2948.312926	2771.181868	2666.939403	2723.338394	2517.503575	2673.194168	2715.467109	2783.815184	2753.352001	2760.783584	2635.687115	2663.460813	2599.833818	2558.945991	2468.937344	2618.477957	2816.517797	2761.959546	2738.417923	2876.946613	3074.59745	2920.538786	2920.538786
193	530.8350261	557.9386872	604.6744777	621.5319339	681.3183179	712.5848645	787.8308329	880.2973881	994.4001028	1050.266611	1124.361112	1246.087803	1301.963336	1482.515944	1590.797821	1619.126651	1717.814509	1667.985756	1761.722715	1772.779967	1810.687637	1821.01044	1762.411644	1784.073503	1816.582264	1846.637497	1879.177263	1920.637468	2069.267297	2273.259931	2319.683155	2399.61224	2434.894561	2328.949002	2452.053483	2559.738569	2516.105491	2667.638976	2790.862615	2911.002987	3028.782312	3070.419507	3119.72329	3171.675321	3257.869818	3268.128273	3206.953344	3205.71005	3047.076815	2755.909754	2780.632905
194	0	0	0	0	0	0	0	0	0	0	0	296.425098	309.676084	310.5659205	289.6645901	297.51966	294.0633637	285.9700509	296.2642296	302.3455652	300.6595406	301.9387815	314.7937766	311.9423022	316.9152172	308.1752246	313.9445796	321.5809011	321.7565686	318.5507017	318.1730823	319.1984138	323.8730471	337.930607	321.5700409	326.3540225	366.4263146	377.920983	382.4844767	406.2601457	444.2001434	425.4127806	428.4770496	448.2228647	448.6335556	453.6122298	452.7947515	456.881763	438.3099101	449.0428292	449.0428292
195	0	0	0	0	0	0	0	0	0	0	0	462.7764611	457.3034473	457.2052531	448.0992077	435.8437974	423.008178	422.4326174	415.6603444	406.4874867	416.7794753	406.9789066	411.2126626	410.7140007	396.9993705	402.1440036	397.551595	382.2381699	397.112543	388.019275	401.1972597	390.5706109	380.4554292	359.8977811	406.3888077	397.4342781	396.7854617	394.8049317	389.1335569	421.4889405	395.7069509	400.3044777	423.408656	419.6049808	413.8431657	393.5013038	398.7771918	375.4877657	355.6374574	372.3149855	372.3149855
196	0	0	0	0	0	0	0	0	0	0	0	0	0	0	0	0	0	0	0	0	0	0	0	0	0	0	0	0	0	0	1366.475898	0	0	0	0	0	0	0	0	0	0	0	0	0	1346.21155	1393.968283	1414.105004	1399.626766	1399.626766	1399.626766	1399.626766
197	0	0	0	0	0	0	0	0	0	0	0	0	0	0	0	0	0	0	0	0	0	0	0	0	0	0	0	0	0	0	0	0	0	0	0	0	0	0	0	0	0	0	0	0	0	0	0	0	0	0	0
198	0	0	0	0	0	0	0	0	0	0	0	0	0	0	0	0	0	0	0	0	0	0	0	0	0	0	0	0	0	0	357.8420515	0	0	0	0	0	0	0	0	0	0	0	0	0	370.6114267	361.1157118	363.2771536	373.3427949	373.3427949	373.3427949	373.3427949
199	2700.47147	2742.122739	2887.078947	3080.546949	3273.660227	3437.475433	3636.549308	3630.162303	3999.950215	4303.262801	4681.184011	4450.566066	4527.380941	4773.407767	4509.865458	4764.17161	5151.430552	5054.551987	5016.546037	5229.404509	4871.894946	5097.4625	4877.928529	4940.093506	5216.004318	5656.448623	5878.667264	5762.635433	5854.757587	5594.523254	5514.443743	5650.757537	5369.626442	5334.069919	5660.136208	5699.549655	5823.672622	5669.870863	5769.148761	5661.82277	5362.024129	5681.532269	5802.732967	5651.84435	5848.343649	5714.62837	5529.077953	5472.135392	5379.959103	4883.393531	5413.907771
200	1389.742251	1454.833824	1568.858988	1869.668599	1819.506996	1943.757172	1966.692802	2040.754673	2172.501483	2334.591265	2521.524334	2591.540323	2674.726703	2940.360597	2739.623312	2682.684153	2801.677435	2856.949265	2968.89869	3015.050543	3170.780187	3093.359301	2984.367548	3173.195358	3239.30208	3412.583617	3544.589637	3430.911077	3449.634495	3339.039266	3623.311681	3628.0025	3606.431273	3484.621361	3490.097226	3416.813095	3466.88592	3527.731941	3559.1391	3546.485434	3481.125208	3671.949948	3550.902191	3539.182139	3530.529364	3484.700855	3615.26518	3411.819602	3501.146296	3480.489566	3361.647811
201	0	0	0	0	0	0	0	0	0	0	0	360.9289876	290.3385773	291.7993565	362.7105484	404.5667592	443.2470034	476.839998	504.4742257	632.8608164	501.337949	578.2869055	669.8121735	741.7308771	825.0270405	740.5074338	736.5204875	793.9419947	797.7222003	779.6897347	849.173036	898.5022517	835.0494354	815.8133774	828.3732999	857.2741906	887.2720781	966.5894253	1049.910581	1016.32927	997.5780769	958.6473984	995.0566878	956.0463448	1017.017854	1157.224996	1191.22678	1283.129304	1291.494571	1122.971736	1122.971736
203	0	0	0	0	0	0	0	0	0	0	0	0	0	0	0	0	0	0	0	0	0	0	0	0	0	0	0	0	0	0	1000.867032	935.7693653	750.7090479	576.4268833	435.4733834	385.2681128	366.5738164	360.1252847	373.4185447	366.6893393	348.085077	340.5151023	338.6774877	342.3942719	367.6510533	364.1073321	372.7097949	393.9364299	372.7462169	341.7833856	341.7833856
204	0	0	0	0	0	0	0	0	0	0	0	360.2159399	367.4227212	388.0547677	385.8028605	408.9937058	433.4719484	450.842734	458.1045022	473.5278529	463.4404829	459.0164949	455.1502727	410.2740766	444.5167553	472.8355662	487.2210153	528.0391987	580.2227524	650.7020977	734.971376	789.1219429	833.3905615	870.1981554	931.515226	1037.929154	1148.79135	1156.919748	1071.88027	1130.620714	1145.90884	1188.305698	1255.515843	1342.029987	1432.771893	1439.566804	1459.399014	1507.550122	1557.167766	1503.737091	1503.737091
205	0	0	0	0	0	0	0	0	0	0	0	0	0	0	0	0	0	0	0	0	0	0	0	0	0	0	0	0	0	0	1297.684608	1262.212304	1396.137034	1426.157319	1266.566319	1273.358988	1444.646308	1303.938892	1448.686612	1354.044968	1331.134827	1280.019841	1251.392629	1367.668416	1358.1525	1423.466066	1426.326091	1486.115682	1467.467372	1351.945211	1351.945211
206	0	0	0	0	0	0	0	0	0	0	0	0	0	0	0	0	0	0	0	0	0	0	0	0	0	0	0	0	0	0	0	0	0	0	0	0	0	0	0	0	0	0	0	0	59.54678735	57.40488357	56.80877204	57.50539702	57.50539702	57.50539702	57.50539702
207	0	0	0	0	0	0	0	0	0	0	0	335.6307454	335.4029479	327.544814	320.3127046	326.6981811	320.3191612	333.0605159	335.4059109	340.721889	332.9033743	329.2705489	335.2413041	315.6707114	316.7238263	311.9699417	329.4576408	337.7797058	334.5785514	335.4350074	344.6288087	345.2290041	342.6084559	337.6114494	373.6274745	383.3702281	417.268787	397.9526591	411.118417	454.8159288	440.3325834	427.4637231	431.9265464	445.3866078	440.0353386	438.560596	428.1924763	434.8399407	443.6149055	445.0458745	445.0458745
208	0	0	0	0	0	0	0	0	0	0	0	0	0	0	0	0	0	0	0	0	0	0	0	0	0	0	0	0	0	0	0	0	0	0	0	0	0	0	0	0	0	0	0	0	0	0	0	0	0	0	0
209	0	0	0	0	0	0	0	0	0	0	0	0	0	0	0	0	0	0	0	0	0	0	0	0	0	0	0	0	0	0	266.3748187	0	0	0	0	0	0	0	0	0	0	0	0	0	568.3744491	564.7702277	561.1119861	567.2149745	567.2149745	567.2149745	567.2149745
210	0	0	0	0	0	0	0	0	0	0	0	2679.946076	2708.128879	2653.487486	2658.566498	2284.749315	2512.254722	2814.425595	3339.719778	3409.192001	3535.279169	3690.059039	3643.808598	3708.76252	4123.866542	4326.6356	4475.972395	4178.162825	4558.047458	4400.789111	4911.784015	4846.82736	5288.539116	5020.589583	5012.093376	4861.629895	5718.869276	5140.593198	6199.529263	7025.896924	8248.123536	8868.120269	9445.703516	10407.9751	10760.58238	12744.20512	14812.58662	15211.27624	14520.00691	15158.18996	15158.18996
211	0	0	0	0	0	0	0	0	0	0	0	317.897666	341.7378115	349.9966393	382.4285249	387.3238282	403.7335939	427.302716	456.7926465	482.86241	511.8952068	514.5327306	493.2082101	546.4674419	567.6998985	573.5618405	548.0817265	541.9458357	557.2359783	547.5920774	606.5261699	588.8290736	641.563976	612.4992492	650.1170679	647.9847056	667.4961768	679.072382	730.7618956	745.5585402	763.9368432	797.738174	799.3858044	816.425029	852.3166606	820.6526074	841.3484533	864.1587857	889.4455363	881.2619257	881.2619257
212	379.6039492	375.4993837	400.0097052	409.8689999	421.8366098	433.7863696	465.9317489	472.4597495	486.300407	501.8973865	513.5427573	539.2001204	595.6838108	642.865318	650.7402318	675.9065828	719.8797213	772.8543049	753.6705978	701.1902734	712.9472169	702.6107994	729.4980151	754.5789711	767.4429675	795.8696249	840.5480679	913.5866581	905.0483259	922.8068968	974.6125772	945.8873869	958.422169	998.7847961	970.4461513	1045.536125	1118.913219	1159.549255	1160.97871	1122.559776	1199.917938	1090.739713	1134.488033	1173.257556	1202.59685	1238.261636	1347.092702	1428.791115	1388.840195	1359.301796	1440.497125
213	0	0	0	0	0	0	0	0	0	0	0	0	0	0	0	0	0	0	0	0	0	0	0	0	0	0	0	0	0	0	5351.810796	4496.474876	2917.858264	2685.714407	3302.990933	3318.507358	2856.901743	2822.783304	2749.239015	3215.35155	3222.682225	3322.093522	3340.980498	3694.53531	3761.454412	3898.78848	3933.706759	4512.140647	4570.491477	3932.751193	3932.751193
214	0	0	0	0	0	0	0	0	0	0	0	0	0	0	0	0	0	0	0	0	0	0	0	0	0	0	0	0	0	0	0	0	0	0	0	0	0	0	0	0	0	0	0	0	0	0	0	0	0	0	0
215	0	0	0	0	0	0	0	0	0	0	0	0	0	0	0	0	0	0	0	0	0	0	0	0	0	0	0	0	0	0	0	0	0	0	0	0	0	0	0	0	0	0	0	0	0	0	0	0	0	0	0
216	0	0	0	0	0	0	0	0	0	0	0	0	0	0	0	0	0	0	0	0	0	0	0	0	0	0	0	0	0	0	0	0	0	0	0	0	0	0	0	0	0	0	0	0	0	0	0	0	0	0	0
217	0	0	0	0	0	0	0	0	0	0	0	0	0	0	0	0	0	0	0	0	0	0	0	0	0	0	0	0	0	0	4851.537963	4852.686875	4210.400808	3727.6789	3192.737046	3180.071292	2941.64246	2837.781515	2706.204306	2719.064449	2720.694089	2754.511935	2813.149422	3024.626613	3031.946046	3033.34474	2935.208682	2952.98999	2941.109209	2507.357714	2507.357714
218	0	0	0	0	0	0	0	0	0	0	0	3713.219511	3255.53477	3405.786737	2957.242079	3631.105755	3941.217829	5666.243494	5755.875941	5995.413042	7107.70024	8102.861046	8330.127984	7617.130682	9410.221969	10137.66642	10871.74934	11370.71313	10985.70991	11954.90372	11258.13234	12262.38813	11058.79018	11039.32075	11635.30887	11754.34046	12607.83926	11789.29243	11596.11134	11311.88407	11330.59567	11857.98745	12438.64748	11784.91155	11570.71625	10623.75653	9757.158041	9561.664226	9409.651754	8587.963219	8587.963219
219	3034.34323	3006.285625	3084.945921	3198.321548	3213.070067	3329.290708	3307.114452	3344.616041	3406.002608	3555.894629	3687.022289	3731.161833	3747.231884	3878.684898	3734.441443	3545.804521	3616.97547	3695.383805	3675.435273	3858.975896	3523.648779	3416.199669	3398.239364	3378.275915	3366.687721	3550.556815	3598.244235	3618.732024	3643.257143	3626.220095	3597.006728	3708.493565	3685.486015	3712.174083	3729.119361	3727.46442	3878.057746	3759.675758	3786.8605	3783.75539	3785.476843	3785.789867	3682.235416	3731.125468	3706.627358	3692.259605	3613.870947	3447.617543	3390.309753	3183.777953	3282.513646
220	0	0	0	0	0	0	0	0	0	0	0	539.4624792	527.100994	513.4469621	495.449142	480.0982477	469.8245666	455.4729779	446.4918871	436.8634324	428.937788	421.607918	414.6584691	410.11998	405.3006713	401.2927327	398.7193336	393.9523309	389.1067355	385.5349775	381.9988234	377.2080531	369.4644704	367.0588252	361.9365293	368.0821081	362.4736321	356.6138745	368.4361424	384.1025348	393.3803592	406.9441617	416.5995535	421.1974732	428.4429072	441.9213359	446.8729518	446.4492648	448.4955368	450.686389	450.686389
221	5641.734838	5612.052746	5774.613108	5986.794908	6136.960769	6307.89749	6591.337983	6809.858041	7073.473827	7332.366401	7569.088743	7644.525891	7941.005808	8163.603792	7909.58648	7656.263579	8100.562222	8285.570898	8438.403077	8327.041705	7942.253018	7647.538054	7259.078899	7199.30457	7443.204758	7456.586961	7375.988619	7622.227575	7849.967652	7889.996548	7671.554039	7631.521363	7677.394544	7709.835526	7757.139758	7763.365148	7844.014629	7828.535259	7803.654622	7923.24723	8056.545961	7825.176244	7838.5196	7788.318287	7875.279622	7840.532816	7691.694681	7749.233122	7481.016585	7045.165576	7231.803818
222	0	0	0	0	0	0	0	0	0	0	0	0	0	0	0	0	0	0	0	0	0	0	0	0	0	0	0	0	0	0	0	0	0	0	0	0	0	0	0	0	0	0	0	0	0	0	0	0	0	0	0
223	0	0	0	0	0	0	0	0	0	0	0	857.7678622	873.2039249	845.9424102	832.5730008	864.2011656	873.4887441	869.0661668	884.1640933	937.8158697	906.89382	868.3150505	766.444822	705.0964847	673.0799959	663.5573804	680.3222366	718.6859104	765.58211	780.540201	724.047818	779.6425583	855.3948388	792.4410653	751.4446893	797.9140665	876.2723111	884.6450286	905.6392948	984.0006224	936.6955263	819.6139266	767.1342107	763.7196249	866.5109706	891.7704236	958.1220625	951.664999	1243.150377	1223.728512	1223.728512
224	0	0	0	0	0	0	0	0	0	0	0	0	0	0	0	0	0	0	0	0	0	0	0	0	0	0	0	0	0	0	2260.605119	2294.662276	2110.333023	2141.769255	2077.727533	1868.418697	1898.631346	1895.064393	2072.318199	2097.696721	2058.459189	2044.883366	2104.357545	2005.729925	1928.833609	1794.252032	1844.515363	1812.600213	1848.918052	1757.798114	1757.798114
225	0	0	0	0	0	0	0	0	0	0	0	0	0	0	0	0	0	0	0	0	0	0	0	0	0	0	0	0	0	0	158.9926348	0	0	0	0	0	0	0	0	0	0	0	0	0	145.9420805	142.0656343	143.0153165	157.3903776	157.3903776	157.3903776	157.3903776
226	0	0	0	0	0	0	0	0	0	0	0	1768.880638	1661.177499	1790.829496	2013.371548	1968.966606	1971.315977	2042.03533	2114.172294	2156.771497	2353.876256	2415.402878	2347.249826	2447.819666	2343.651224	2258.975086	2297.276073	2234.568055	2114.736836	2102.829299	2204.57362	2249.003218	2444.946658	2240.352303	2520.733448	2339.875017	2456.171185	2401.320136	2472.439884	2294.687393	2321.049114	2336.85855	2280.165821	2058.994898	2159.464692	2503.197313	2578.086086	2334.583888	2357.008126	2356.9078	2356.9078
227	0	0	0	0	0	0	0	0	0	0	0	398.8942384	394.6484017	401.0481771	375.4295359	386.0457214	350.4311614	354.3630248	355.1795349	358.2998777	364.4969274	362.8241576	367.6555523	371.6201685	369.9033876	367.7178433	374.1446497	383.1494251	378.907434	366.1030506	368.0558859	367.5822249	374.9475311	388.5106792	398.9257249	416.4474863	439.2957446	457.2024132	473.1166119	465.7101677	475.6273468	495.1252592	528.3353386	543.5516675	609.9972985	618.4086002	629.0865291	665.0582811	694.8722603	744.5295648	744.5295648
228	0	0	0	0	0	0	0	0	0	0	0	0	0	0	0	0	0	0	0	0	0	0	0	0	0	0	0	0	0	0	0	0	0	0	0	0	0	0	0	0	0	0	0	0	0	0	0	0	0	0	0
229	0	0	0	0	0	0	0	0	0	0	0	0	0	0	0	0	0	0	0	0	0	0	0	0	0	0	0	0	0	0	0	0	0	0	0	0	0	0	0	0	0	0	0	0	0	0	0	0	0	0	0
230	0	0	0	0	0	0	0	0	0	0	0	117.9260413	91.17497288	151.1908752	122.2306891	103.262459	122.2145679	128.2019631	130.6758706	128.0016864	160.0773047	151.6234274	171.2446793	174.1091216	175.2737839	178.0332889	185.4191385	211.5727761	216.817823	213.3764819	210.3615697	243.9227211	253.2853199	208.5335835	207.7963425	225.5926326	222.0952347	228.4782872	236.9620473	259.8234337	267.4666959	288.2352838	270.8285376	291.5383391	308.7067253	319.0651318	322.8845546	325.3254319	320.2263973	324.0799317	324.0799317
231	0	0	0	0	0	0	0	0	0	0	0	818.3839959	844.225329	864.6038047	871.6136669	796.384882	857.7287223	815.5300363	794.3752209	772.852401	778.5015666	765.0906718	758.7422716	747.8116655	734.2492924	726.1327614	716.91682	711.7313344	729.4894932	709.8209207	686.9152155	689.7501627	684.7504829	670.234409	659.1304856	653.402629	630.6942281	639.8594412	628.5786555	613.0841121	612.382692	615.7589242	620.5320985	624.2767475	625.2129343	628.2782829	628.7406793	612.2648602	614.8517417	617.465564	617.465564
232	0	0	0	0	0	0	0	0	0	0	0	1010.043762	994.2129717	1017.219266	996.007678	958.9049732	979.8790342	921.5720715	886.5562085	872.9832376	890.5479046	869.6516003	842.5622397	830.0542469	811.8806677	836.2936955	852.0643162	897.8299292	878.7310789	870.4410814	888.0586123	916.8245146	924.6682398	865.8065702	842.7358213	842.2248663	824.111934	802.7342695	809.674596	853.5385381	790.3185721	772.11057	770.137925	754.5922621	737.1994504	771.8885031	770.3837017	767.5662965	763.4369491	762.6689996	762.6689996
233	794.8205667	890.6864216	1007.034355	1119.729533	1221.739952	1316.473077	1431.075877	1551.504508	1698.419584	1832.498207	2026.211828	1949.13034	2050.750887	2175.603678	2212.201394	2106.078786	2264.067752	2204.195997	2247.57124	2340.031606	2318.422494	2265.918056	2206.525096	2203.867071	2253.70769	2284.814164	2311.554403	2407.253419	2462.809303	2566.099008	2583.899011	2645.667224	2627.312063	2611.947741	2578.415876	2799.324914	2796.033576	2834.217296	2912.717025	2957.044582	3011.875533	3021.063974	3016.166183	3114.726763	3128.308921	3137.384854	3089.506071	3016.317108	2942.621896	2735.049358	2813.51418
234	0	0	0	0	0	0	0	0	0	0	0	526.5335219	521.4244824	506.2910799	561.9302006	581.4301549	617.2472828	609.9698128	767.9884706	877.7716716	859.1027014	899.0822809	885.4496541	1003.502318	1006.29216	984.6227105	1063.549893	1049.388312	1072.871867	1127.607543	1207.536817	1376.550946	1511.752576	1622.197724	1569.215993	1791.052425	1786.308693	2023.684963	1871.902669	1784.991607	2018.844874	2083.495166	2073.548531	2202.855973	2122.039731	2396.604844	2403.370467	2570.243541	2655.20714	2390.971254	2390.971254
235	0	0	0	0	0	0	0	0	0	0	0	526.5335219	521.4244824	506.2910799	561.9302006	581.4301549	617.2472828	609.9698128	767.9884706	877.7716716	859.1027014	899.0822809	885.4496541	1003.502318	1006.29216	984.6227105	1063.549893	1049.388312	1072.871867	1127.607543	1207.536817	1376.550946	1511.752576	1622.197724	1569.215993	1791.052425	1786.308693	2023.684963	1871.902669	1784.991607	2018.844874	2083.495166	2073.548531	2202.855973	2122.039731	2396.604844	2403.370467	2570.243541	2655.20714	2390.971254	2390.971254
236	0	0	0	0	0	0	0	0	0	0	0	313.7935796	317.7394009	320.3378923	327.9123635	333.4655348	346.9313617	350.4736733	358.1206613	364.5354199	366.0291515	297.9816067	301.7131818	303.1410892	298.8440354	294.2591412	223.8332237	225.7983704	228.6526839	228.1597278	219.017395	214.2547016	218.0157543	206.494911	185.9556824	214.9391519	241.9842471	250.1426616	245.6766671	244.4602099	232.5289453	233.6181892	258.4341214	244.3921198	248.3267001	276.5043924	279.367339	289.0301904	284.8425875	263.0881585	263.0881585
237	0	0	0	0	0	0	0	0	0	0	0	1220.51319	990.4259201	1092.153169	1161.774286	1193.921334	1310.939094	1384.785946	1966.601652	2435.675244	3173.037936	4052.192675	4261.084054	4379.392523	3644.08634	3478.96782	3314.448061	3795.774888	4178.965976	4030.800406	3702.785225	4175.001638	4609.37997	4579.612516	4774.996359	4734.288926	4954.286029	4690.48553	4922.251634	4935.510089	5054.7973	5157.097844	5449.04816	5434.781217	6190.536977	6053.805323	6379.735088	5650.426973	5888.245793	5888.098689	5888.098689
238	0	0	0	0	0	0	0	0	0	0	0	0	0	0	0	0	0	0	0	0	0	0	0	0	0	0	0	0	0	0	2550.4855	2169.582376	1953.61823	1647.422992	1507.230736	1755.209268	2091.297796	2234.450728	2235.677867	1628.954481	1771.192412	1937.600829	2056.138968	2155.556426	2356.533971	2155.661061	2302.391572	2244.625574	2299.237669	1973.785404	1973.785404
239	0	0	0	0	0	0	0	0	0	0	0	0	0	0	0	0	0	0	0	0	0	0	0	0	0	0	0	0	0	0	2550.4855	2169.582376	1953.61823	1647.422992	1507.230736	1755.209268	2091.297796	2234.450728	2235.677867	1628.954481	1771.192412	1937.600829	2056.138968	2155.556426	2356.533971	2155.661061	2302.391572	2244.625574	2299.237669	1973.785404	1973.785404
240	0	0	0	0	0	0	0	0	0	0	0	462.7764611	457.3034473	457.2052531	448.0992077	435.8437974	423.008178	422.4326174	415.6603444	406.4874867	416.7794753	406.9789066	411.2126626	410.7140007	396.9993705	402.1440036	397.551595	382.2381699	397.112543	388.019275	401.1972597	390.5706109	380.4554292	359.8977811	406.3888077	397.4342781	396.7854617	394.8049317	389.1335569	421.4889405	395.7069509	400.3044777	423.408656	419.6049808	413.8431657	393.5013038	398.7771918	375.4877657	355.6374574	372.3149855	372.3149855
255	0	0	0	0	0	0	0	0	0	0	0	0	0	0	0	0	0	0	0	0	0	0	0	0	0	0	0	0	0	0	0	0	0	0	0	0	0	0	0	0	0	0	0	0	0	0	0	0	0	0	0
325	0	0	0	0	0	0	0	0	0	0	0	0	0	0	0	0	0	0	0	0	0	0	0	0	0	0	0	0	0	0	2550.4855	2169.582376	1953.61823	1647.422992	1507.230736	1755.209268	2091.297796	2234.450728	2235.677867	1628.954481	1771.192412	1937.600829	2056.138968	2155.556426	2356.533971	2155.661061	2302.391572	2244.625574	2299.237669	1973.785404	1973.785404
330	0	0	0	0	0	0	0	0	0	0	0	0	0	0	0	0	0	0	0	0	0	0	0	0	0	0	0	0	0	0	0	0	0	0	0	0	0	0	0	0	0	0	0	0	0	1378.564283	1554.840418	1383.841697	1383.841697	1383.841697	1383.841697
