0	1960	1961	1962	1963	1964	1965	1966	1967	1968	1969	1970	1971	1972	1973	1974	1975	1976	1977	1978	1979	1980	1981	1982	1983	1984	1985	1986	1987	1988	1989	1990	1991	1992	1993	1994	1995	1996	1997	1998	1999	2000	2001	2002	2003	2004	2005	2006	2007	2008	2009	2010	2011	2012	2013	2014	2015	2016	2017	2018	2019	2020
1	177	177	173	233	243	299	407	477	383	384	465	474	403	427	518	557	587	661	721	788	757	706	894	900	969	899	963	960	949	962	960	899	796	737	658	638	628	640	627	655	684	720	753	780	756	810	859	909	958	1072	1185	1221	1354	1339	1318	1303	1298	1295	1273	1285	1216
2	909	883	900	941	1023	1098	1107	1104	1138	1243	1341	1428	1558	1936	2404	2585	2665	2964	3209	3718	4246	4245	4245	4244	4244	4243	4177	4111	4046	3980	3914	3852	3789	3727	3664	3602	3842	4083	4323	4564	4804	5065	5325	5586	5846	6107	6479	6851	7223	7445	7667	7872	7984	8067	8223	8433	8726	9066	9454	9693	9427
3	712	625	504	668	705	743	702	757	840	901	999	1012	1308	1635	2403	2743	3029	3470	4225	5157	6358	6456	6553	6651	6748	6846	6719	6592	6465	6338	6211	6094	5977	5860	5743	5626	5717	5808	5899	5990	6081	6299	6516	6734	6951	7169	7235	7301	7367	7444	7521	7583	7677	7726	7853	7997	8090	8036	7979	7912	7380
6	645	626	639	668	726	779	786	784	808	882	952	1014	1106	1374	1707	1835	1891	2104	2277	2639	3014	3190	3093	2965	2951	3200	3218	3236	3255	3273	3291	3078	2864	2651	2437	2224	2306	2388	2470	2552	2634	2835	3036	3238	3439	3640	4263	4885	5508	5529	5549	5565	5654	5827	5901	5875	5522	5322	5073	4869	4447
10	3504	3825	4228	3110	4293	4682	4661	3893	4183	4874	4850	5030	5159	7672	10398	7405	7113	7774	7834	9203	10075	9702	9330	8957	8585	8212	8061	7910	7760	7609	7458	7885	8312	8739	9166	9593	9731	9869	10006	10144	10282	10392	10502	10613	10723	10833	11647	12462	13276	13820	14363	15685	15889	16384	16491	15997	15499	15771	15203	14752	13163
11	623	631	665	744	708	768	808	777	811	905	1038	1028	1128	1407	1785	1912	2021	2158	2341	2720	3330	3234	2958	2719	2550	2349	2359	2708	2771	2797	2938	2692	2445	2199	1952	1706	1824	1942	2059	2177	2295	2655	3015	3376	3736	4096	4602	5109	5615	5258	4900	5109	5443	5586	5742	5878	5916	6391	6760	7315	6825
13	2880	3008	3217	3423	3696	4476	4598	5059	5344	5868	6483	6858	7750	9362	12717	13736	14690	15240	16176	18221	20018	20287	20556	20826	21095	21364	21878	22393	22907	23422	23936	24241	24546	24852	25157	25462	26319	27176	28032	28889	29746	30334	30921	31509	32096	32684	33253	33821	34390	34309	34375	34717	35373	35638	35998	36329	36760	36998	37508	37764	37176
14	1821	2008	2118	2273	2474	2681	2900	3072	3289	3581	4000	4626	5676	7552	8990	10245	10993	13171	15864	18926	20996	21302	21608	21915	22221	22527	23140	23753	24367	24980	25593	25968	26344	26719	27095	27470	28337	29203	30070	30936	31803	32164	32525	32887	33248	33609	34458	35307	36156	35760	35364	36309	36492	36467	36405	36496	36822	37393	38114	38495	35793
15	642	642	642	642	642	642	647	675	731	797	851	949	1118	1433	2125	2417	2845	3213	3382	4053	4561	4311	4748	5155	5277	5539	5891	4851	4399	4307	4719	4142	3565	2989	2412	1835	1962	2089	2217	2344	2471	2856	3240	3625	4009	4394	5550	6706	7862	8323	8783	8670	8740	9118	9178	9161	8778	8710	8764	8907	8466
16	5191	5529	5869	6251	6677	7180	7777	8560	9389	10765	10643	11041	11124	12376	11439	10569	11145	12112	13833	18526	21228	21560	21892	22225	22557	22889	23033	23178	23322	23467	23611	23191	22771	22352	21932	21512	22421	23330	24239	25148	26057	26116	26175	26233	26292	26351	25739	25126	24514	23642	22770	22544	22706	22387	22310	22295	21942	22324	22811	22493	17124
18	257	282	289	294	289	308	325	354	354	390	405	389	277	353	540	828	422	393	527	599	677	684	690	697	703	710	717	725	732	740	747	764	780	797	813	830	858	886	914	942	970	1009	1048	1087	1126	1165	1229	1292	1356	1422	1488	1566	1648	1727	1809	1905	2016	2122	2251	2402	2457
20	631	631	631	631	631	631	635	664	718	783	836	933	1098	1409	2089	2375	2796	3157	3324	3984	4483	4237	4667	5067	5187	5443	5790	4768	4323	4233	6390	5945	5500	5056	4611	4166	4489	4812	5134	5457	5780	6324	6867	7411	7954	8498	9453	10408	11363	11860	12357	13059	13291	13425	13625	13048	12707	13043	13483	13706	13672
21	2092	2214	2354	2513	2788	3008	3210	3423	3647	4036	4479	4983	6194	7924	9272	10838	11716	13632	16648	19112	20818	21022	21225	21429	21632	21836	22497	23158	23820	24481	25142	25485	25828	26170	26513	26856	27610	28363	29117	29870	30624	30975	31326	31678	32029	32380	32898	33416	33934	33653	33371	33580	33474	33375	33736	34109	34367	34789	35252	35848	33816
22	784	809	829	848	880	946	1021	1063	986	1019	1128	1237	1363	1598	2076	2333	1875	2221	2505	2715	3392	3313	3235	3156	3078	2999	3230	3461	3692	3923	4154	4275	4395	4516	4636	4757	4927	5096	5266	5435	5605	5783	5961	6140	6318	6496	6564	6632	6700	6662	6624	6584	6657	6575	6675	6639	6504	6260	6204	6350	5397
23	272	280	277	293	307	322	332	330	348	345	340	334	402	484	520	620	624	654	790	983	1134	1154	1174	1194	1214	1234	1211	1187	1164	1140	1117	1126	1135	1143	1152	1161	1190	1219	1248	1277	1306	1315	1323	1332	1340	1349	1370	1390	1411	1418	1424	1424	1447	1503	1558	1594	1599	1641	1700	1765	1782
25	305	287	278	299	335	411	441	436	445	483	488	500	474	566	697	848	717	780	903	971	998	1006	1032	1088	1098	1105	1220	1335	1449	1564	1679	1782	1885	1987	2090	2193	2295	2397	2499	2601	2703	2858	3014	3169	3325	3480	3758	4037	4315	4548	4780	5075	5252	5287	5502	5612	6016	6243	6411	6733	6006
26	748	796	851	896	987	1080	1154	1230	1007	1044	1075	1131	1267	1241	2015	2251	2497	2880	3276	3766	3779	3639	3499	3360	3220	3080	3079	3078	3076	3075	3074	3129	3184	3239	3294	3349	3393	3436	3480	3523	3567	3608	3649	3690	3731	3772	3905	4039	4172	4261	4350	4488	4628	4849	5019	5121	5257	5395	5540	5581	5026
27	568	589	615	678	764	793	651	700	718	769	809	842	833	931	1097	1143	1088	1230	1368	1497	1764	1822	1845	1912	1876	1988	2062	2241	2353	2321	2450	2123	1741	1472	1538	1638	2313	2989	3664	4340	5015	5260	5505	5750	5995	6240	6652	7065	7477	7411	7345	7417	7353	7538	7629	7883	8240	8609	9043	9413	9246
28	187	198	209	218	232	248	272	301	329	373	448	572	720	1028	1246	1392	1404	1640	2061	2754	3433	3677	3921	4165	4409	4653	5112	5571	6030	6489	6948	7036	7124	7211	7299	7387	7816	8245	8673	9102	9531	9933	10335	10738	11140	11542	11879	12215	12552	12508	12463	12945	13242	14242	14405	14096	14808	15100	15414	15575	13955
29	817	796	1010	1133	1013	1012	1223	1346	1452	1566	1726	1959	2275	3009	3898	4479	5400	6086	6775	7415	7567	7480	7394	7307	7221	7134	7142	7150	7159	7167	7175	7283	7391	7500	7608	7716	7755	7793	7832	7870	7909	8029	8149	8269	8389	8509	8867	9225	9583	9820	10056	10336	10422	10625	10529	10025	9618	9668	9763	9807	9423
32	976	970	976	970	1055	1106	1189	1203	1276	1403	1510	1670	1853	2417	3116	3286	3357	3682	4247	5017	5836	6030	6223	6417	6610	6804	6933	7062	7192	7321	7450	7337	7225	7112	7000	6887	6964	7040	7117	7193	7270	7780	8290	8800	9310	9820	10565	11309	12054	11808	11562	11820	11918	12140	12399	12850	13332	13799	14274	14955	14448
33	157	164	175	179	184	185	187	191	192	196	183	188	223	255	278	340	345	391	499	577	622	632	642	651	661	671	673	675	677	679	681	689	696	704	711	719	748	778	807	837	866	894	922	951	979	1007	1024	1041	1058	1093	1127	1161	1195	1199	1208	1216	1251	1291	1339	1375	1364
34	129	131	135	145	160	96	98	103	104	106	133	138	133	163	183	221	231	277	301	376	430	438	447	455	464	472	476	480	483	487	491	472	454	435	417	398	389	380	372	363	354	352	351	349	348	346	351	355	360	363	366	369	371	376	381	360	352	346	341	336	328
35	329	358	360	408	474	452	485	493	564	574	585	609	685	889	1040	1259	1440	1849	2227	2462	2620	2526	2432	2339	2245	2151	2103	2055	2007	1959	1911	1879	1848	1816	1785	1753	1765	1776	1788	1799	1811	1782	1753	1724	1695	1666	1663	1660	1657	1681	1704	1586	1707	1813	1913	2017	2107	2205	2253	2340	2322
36	247	244	244	263	276	298	306	313	338	303	218	291	150	207	173	551	466	507	587	631	648	634	630	593	597	643	597	639	637	630	638	673	706	746	787	811	856	901	945	990	1035	1130	1224	1319	1413	1508	1638	1768	1898	1933	1968	2074	2189	2314	2438	2568	2710	2862	3038	3216	3080
37	310	323	336	340	359	365	374	399	439	469	460	477	538	644	803	953	1034	1097	1394	1783	2007	2149	2290	2432	2573	2715	2588	2462	2335	2209	2082	1996	1910	1825	1739	1653	1693	1733	1773	1813	1853	1880	1906	1933	1959	1986	2005	2024	2043	2051	2058	2085	2122	2180	2247	2324	2358	2373	2400	2415	2356
38	4857	4723	4774	4984	5354	5799	6373	6716	7220	7840	8567	9532	10686	12201	14639	15566	18255	18482	18905	20809	23143	23542	23941	24341	24740	25139	25517	25895	26273	26651	27029	27189	27348	27508	27667	27827	28773	29718	30664	31609	32555	33057	33559	34060	34562	35064	35356	35647	35939	35638	35336	36210	36528	37031	37652	37848	37810	38493	38994	39172	36801
41	203	219	218	222	239	247	254	259	298	286	280	292	330	381	388	511	596	656	771	862	955	947	940	932	925	917	898	878	859	839	820	808	796	783	771	759	760	762	763	765	766	747	728	710	691	672	681	691	700	704	708	716	721	446	432	446	459	471	479	483	475
42	304	317	332	338	349	361	368	375	373	378	366	382	437	472	465	602	591	625	730	645	650	696	742	788	834	880	868	856	843	831	819	810	801	793	784	775	770	765	760	755	750	875	1000	1124	1249	1374	1337	1299	1262	1246	1229	1187	1247	1272	1312	1290	1172	1100	1089	1088	1037
44	1198	1305	1487	1445	1491	1522	1725	1665	1670	1893	2040	2386	2528	3532	3295	1509	2029	2712	3083	4094	5367	5329	5292	5254	5217	5179	5460	5741	6023	6304	6585	7096	7607	8118	8629	9140	9406	9672	9937	10203	10469	10809	11149	11488	11828	12168	12577	12985	13394	13495	13596	14223	14827	15238	15349	15491	15576	15543	15875	15709	14544
45	249	206	189	200	227	264	280	259	245	268	303	318	353	420	428	477	441	495	420	494	523	580	638	695	753	810	866	922	979	1035	1091	1240	1389	1537	1686	1835	1999	2163	2326	2490	2654	2944	3233	3523	3812	4102	4634	5165	5697	6249	6801	7406	7928	8492	9048	9598	10197	10840	11518	12160	12403
46	1076	1177	1247	1179	1417	1330	1217	1241	1247	1314	1438	1525	1651	1920	2251	2330	2667	3308	3862	4533	5297	5298	5299	5301	5302	5303	5462	5621	5779	5938	6097	6237	6378	6518	6659	6799	6763	6727	6691	6655	6619	6756	6893	7031	7168	7305	7620	7935	8250	8369	8488	8936	9190	9527	9832	10023	10123	10107	10172	10306	9419
48	404	454	485	489	513	529	574	601	622	637	638	724	899	1152	1207	1535	1466	1444	1611	2135	2951	3190	3430	3669	3909	4148	4030	3911	3793	3674	3556	3480	3404	3329	3253	3177	3166	3154	3143	3131	3120	3172	3224	3277	3329	3381	3399	3416	3434	3621	3808	3829	3870	3905	4062	4065	3624	3340	3186	3147	2882
50	1177	1098	1036	1069	1095	1159	1227	1288	1385	1488	1674	1787	2007	2421	2578	2961	3551	4404	4915	5477	6378	6213	6048	5883	5718	5553	5690	5827	5965	6102	6239	6437	6634	6832	7029	7227	7409	7591	7773	7955	8137	8318	8499	8680	8861	9042	9492	9942	10392	10385	10377	10711	11128	11378	11644	11835	12208	12592	12801	12998	12349
51	975	1004	1125	1094	1185	1231	1317	1310	1375	1498	1591	1729	1894	2443	3115	3179	3462	3726	4119	4805	5619	6352	5776	4965	4769	4817	4814	4967	5553	5990	14179	13330	12481	11633	10784	9935	10381	10827	11272	11718	12164	12801	13437	14074	14710	15347	16024	16701	17378	16788	16198	16669	16356	16222	16234	16558	17268	18071	18747	19492	17895
52	1530	1520	1530	1520	1655	1735	1865	1886	2000	2199	2647	3159	3653	4412	4963	5595	5858	5979	7452	8124	8211	8267	8559	9031	9725	9211	9653	9947	10718	10440	10953	9706	8525	7215	7230	7372	7914	8101	8083	8553	9017	9275	9380	9710	10246	11373	12730	13644	14197	14394	14767	15140	15550	15920	16123	16367	16448	16754	17143	17133	15279
53	705	726	813	791	856	890	952	947	994	1083	1150	1250	1369	1766	2252	1930	2288	2919	3815	5060	8367	8827	9288	9748	10209	10669	11275	11880	12486	13091	13697	14019	14341	14664	14986	15308	15595	15881	16168	16454	16741	16979	17217	17454	17692	17930	18453	18977	19500	19204	18908	18506	17811	16771	16533	17014	18029	18907	19741	20612	19689
54	1591	1581	1591	1581	1721	1804	1939	1961	2080	2287	2462	2722	3021	3941	5079	5357	5472	6002	6924	8179	9321	10363	9522	8543	8327	8294	8567	9081	9868	10699	16415	16255	16096	15936	15777	15617	15881	16145	16408	16672	16936	17627	18319	19010	19702	20393	21371	22350	23328	22981	22633	23031	22793	22666	23091	24001	24563	25764	26505	27201	25642
55	106	100	97	104	116	126	121	120	122	133	145	151	166	199	239	260	277	314	318	365	422	428	440	451	459	490	492	467	490	510	532	556	582	608	639	670	704	734	742	769	767	732	771	996	1294	1297	1377	1310	1389	1397	1406	1412	1493	1577	1658	1739	1767	1806	1845	1873	1798
56	881	785	909	1461	667	911	992	720	808	1010	951	1061	1138	1412	1674	1735	1588	1972	2383	2268	2105	1783	1889	1482	1029	916	1001	919	1031	1015	1015	895	771	641	593	578	556	512	492	460	404	385	385	394	408	420	429	442	455	453	468	483	500	526	554	573	567	568	582	588	579
57	2084	2298	2569	2713	3077	3429	3707	4020	4130	4684	5143	5700	6914	9115	10099	11955	13154	14671	17750	20651	20790	21395	22000	22604	23209	23814	24140	24465	24791	25116	25442	25964	26487	27009	27532	28054	28774	29494	30213	30933	31653	31961	32269	32577	32885	33193	33457	33720	33984	33224	32464	32777	32695	32560	32876	33144	33954	34688	35203	35601	34637
58	567	550	560	581	643	688	690	690	712	777	843	900	990	1234	1536	1642	1714	1910	2062	2398	2750	2927	2835	2722	2713	3010	2852	2862	2812	2723	2736	2608	2481	2353	2226	2098	2030	1961	1893	1824	1756	1773	1790	1806	1823	1840	1902	1964	2026	2100	2146	2211	2349	2396	2502	2511	2645	2744	2829	2939	2934
60	726	705	719	751	817	877	884	882	909	993	1071	1141	1245	1547	1921	2066	2129	2378	2920	2837	3766	3753	3740	3728	3715	3702	3728	3754	3781	3807	3833	3966	4099	4231	4364	4497	4755	5012	5270	5527	5785	5904	6023	6142	6261	6380	6829	7279	7728	8058	8387	8491	8584	8862	9376	9889	10426	10790	11417	11866	10950
61	867	816	776	816	882	916	958	1018	1055	1143	1069	1004	1163	1516	2230	2566	3048	3608	3939	4721	5699	5627	5555	5484	5412	5340	5355	5370	5384	5399	5414	5445	5476	5506	5537	5568	5531	5493	5456	5418	5381	5607	5833	6058	6284	6510	6716	6922	7128	7165	7201	7628	7915	8132	8286	8171	7951	8014	7965	7815	7106
62	701	714	642	650	728	759	773	787	841	922	1009	1061	1100	1181	1083	1344	1536	1645	1632	1949	2404	2514	2624	2734	2844	2954	3011	3067	3124	3180	3237	3290	3344	3397	3451	3504	3631	3759	3886	4014	4141	4211	4281	4351	4421	4491	4733	4974	5216	5380	5544	5518	5507	5489	5480	5581	5703	5824	6019	6240	6351
63	1285	1267	1363	1395	1489	1541	1584	1616	1625	1644	1727	1761	1828	2035	2294	2536	3067	3798	3961	4309	4372	4205	4039	3872	3706	3539	3566	3592	3619	3645	3672	3859	4047	4234	4422	4609	4721	4834	4946	5059	5171	5277	5383	5490	5596	5702	5852	6001	6151	6066	5981	6071	6141	6210	6254	6361	6502	6633	6783	6939	6384
64	826	777	311	365	422	2114	2206	2252	2057	2025	2005	2005	2093	2722	3318	3850	3989	4149	2446	2632	2703	2644	2625	2474	2489	2239	2191	2143	2095	2047	1999	2071	2143	2216	2288	2360	3624	4889	6153	7418	8682	11908	15134	18361	21587	24813	26871	28930	30988	31072	31156	30815	31494	28578	27658	23583	20705	18835	17056	15592	14445
65	167	157	152	164	183	225	242	239	244	265	267	274	260	310	382	464	393	427	495	532	547	535	531	500	503	542	503	539	537	531	538	521	498	566	687	703	691	679	666	654	642	633	624	614	605	596	561	525	490	490	490	520	528	539	549	551	560	572	584	593	569
66	1558	1548	1558	1548	1685	1766	1899	1920	2037	2239	2410	2665	2959	3859	4974	5245	5358	5877	6780	8009	9127	9326	9525	9723	9922	10121	10128	10135	10142	10149	10156	9685	9214	8742	8271	7800	8438	9077	9715	10354	10992	12104	13216	14327	15439	16551	17243	17934	18626	17587	16547	17856	18850	19213	19824	20074	20701	21874	22623	23382	23207
67	205	193	187	200	225	276	296	293	299	324	327	336	318	380	468	569	481	523	606	652	670	436	447	481	440	499	508	517	527	536	545	533	521	509	497	485	493	502	510	519	527	549	571	592	614	636	695	755	814	874	934	1013	1073	1157	1245	1332	1419	1513	1573	1660	1714
69	18368	18368	18368	18368	18368	18368	18368	18368	18368	18368	18368	18368	18368	18368	18368	18368	18368	18368	18368	18368	18368	18771	19175	19578	19982	20385	21050	21715	22380	23045	23710	24043	24376	24708	25041	25374	26219	27063	27908	28752	29597	30226	30856	31485	32115	32744	33141	33539	33936	33126	32315	33493	34373	35496	35445	34478	35029	35807	36575	37128	35632
70	518	521	529	538	564	575	574	605	607	648	766	845	1058	1394	1792	2153	2144	2182	2469	2976	3434	3356	3278	3199	3121	3043	3121	3199	3278	3356	3434	3480	3525	3571	3616	3662	3707	3752	3796	3841	3886	3973	4061	4148	4236	4323	4315	4308	4300	4238	4175	4014	4052	4234	4498	4622	4729	4979	5169	5142	4257
71	1899	2138	2274	2452	2749	3031	3237	3276	3071	3507	3924	4318	5056	6641	8429	9955	10724	11248	12138	14849	17858	18275	18691	19108	19524	19941	20581	21221	21861	22501	23141	22894	22647	22401	22154	21907	22995	24083	25172	26260	27348	28022	28696	29370	30044	30718	31697	32675	33654	32689	31723	32457	31908	31588	31302	31419	32210	33160	33493	33866	33021
72	2187	2335	2582	2854	3122	3333	3575	3831	4146	4497	4672	5181	6310	8146	8727	10930	11229	12338	15158	18265	20748	20965	21182	21400	21617	21834	22455	23076	23696	24317	24938	25147	25355	25564	25772	25981	26605	27229	27852	28476	29100	29381	29662	29943	30224	30505	30796	31088	31379	31007	30634	31174	31141	31230	31125	31396	31656	32288	32772	33262	30671
73	3288	3435	3666	3899	4209	4375	5161	5101	5779	5219	5273	5957	6339	8133	10155	12240	12590	13226	16265	19068	20748	20965	21182	21400	21617	21834	22455	23076	23696	24317	24938	25147	25355	25564	25772	25981	26605	27229	27852	28476	29100	29381	29662	29943	30224	30505	30796	31088	31379	31007	30634	32437	34232	36385	38272	37174	37768	38607	39435	40031	38418
75	790	931	1009	847	1175	1215	1313	1440	1556	1657	1651	1906	2115	3471	7228	9831	13355	12140	10049	12393	17007	16909	16811	16712	16614	16516	16202	15887	15573	15258	14944	14927	14910	14894	14877	14860	14538	14216	13895	13573	13251	13204	13156	13109	13061	13014	13157	13299	13442	13471	13500	14116	14511	14966	15250	15476	15363	15046	14814	15046	14449
76	297	279	270	291	326	400	335	346	298	320	360	372	383	471	580	676	638	763	920	1075	1209	1199	1188	1178	1167	1157	1150	1144	1137	1131	1124	1113	1102	1092	1081	1070	1087	1105	1122	1140	1157	1157	1158	1158	1159	1159	1172	1186	1199	1232	1265	1168	1193	1206	1174	1176	1166	1189	1242	1286	1261
77	850	850	850	850	850	850	856	894	968	1055	1127	1257	1480	1898	2814	3200	3768	4254	4479	5367	6040	6268	6496	6725	6953	7181	6824	6468	6111	5755	5398	4647	3896	3145	2394	1643	1780	1918	2055	2193	2330	2567	2805	3042	3280	3517	3847	4176	4506	4581	4656	5044	5423	5663	5986	6216	6393	6702	7029	7392	6888
78	2538	2651	2829	3009	3248	3486	3784	4021	4316	4680	4774	5484	6547	8673	9692	10719	11408	13205	16301	19397	20861	21188	21515	21843	22170	22497	23196	23895	24593	25292	25991	26338	26684	27031	27377	27724	28229	28733	29238	29742	30247	30415	30583	30752	30920	31088	31952	32815	33679	33440	33201	34465	35253	34683	35797	36269	36780	37625	37880	38201	36709
79	440	456	470	508	555	642	649	519	489	564	622	665	566	638	729	691	667	756	854	920	993	959	925	892	858	824	841	857	874	890	907	920	934	947	961	974	993	1011	1030	1048	1067	1095	1123	1152	1180	1208	1265	1323	1380	1428	1475	1636	1739	1817	1841	1864	1882	1990	2069	2158	2125
81	1519	1724	1801	2029	2287	2625	2911	3106	3369	3864	4322	4778	5493	7238	8180	9118	9828	11238	13576	16501	17043	16965	16888	16810	16733	16655	16788	16921	17053	17186	17319	17364	17409	17453	17498	17543	18072	18601	19130	19659	20188	20986	21783	22581	23378	24176	24780	25383	25987	25051	24114	21982	20519	20037	20331	20442	20427	20691	21079	21498	19537
82	2086	2277	2502	2779	3066	3317	3589	3874	4129	4531	3285	4114	4816	6271	7526	9335	10621	12527	15863	18593	20790	21395	22000	22604	23209	23814	24140	24465	24791	25116	25442	25964	26487	27009	27532	28054	28774	29494	30213	30933	31653	31961	32269	32577	32885	33193	33457	33720	33984	33224	32464	31613	31600	31576	32002	32438	33913	33939	34241	35084	35061
86	868	871	901	968	969	967	983	1000	1079	1119	1209	1226	1264	1504	1802	2025	2364	2897	3132	3477	3873	3746	3619	3491	3364	3237	3256	3275	3294	3313	3332	3398	3463	3529	3594	3660	3720	3780	3840	3900	3960	3980	4001	4021	4042	4062	4163	4264	4365	4329	4292	4356	4372	4421	4492	4566	4611	4676	4759	4874	4714
87	326	326	326	326	326	326	328	343	371	405	432	482	568	728	1080	1228	1445	1632	1718	2059	2798	2697	3250	4022	4773	5756	738	765	869	856	856	917	811	803	793	795	813	832	850	869	887	904	921	937	954	971	982	994	1005	992	978	984	991	983	957	929	1003	1078	1118	1151	1178
88	641	603	584	628	704	865	928	918	937	1016	891	873	952	942	1007	1072	1064	1045	1073	1000	905	946	986	1027	1067	1108	1128	1148	1168	1188	1208	1221	1235	1248	1262	1275	1249	1223	1198	1172	1146	1120	1094	1069	1043	1017	1025	1033	1041	1053	1064	1132	1082	1062	1059	1081	1120	1158	1145	1169	1115
89	806	856	874	767	828	883	922	982	879	933	985	1025	1028	1100	1547	1752	1596	1565	1747	1816	2059	1987	1915	1843	1771	1699	1672	1645	1618	1591	1564	1690	1816	1942	2068	2194	2254	2313	2373	2432	2492	2501	2510	2518	2527	2536	2654	2772	2890	2985	3080	3224	3354	3504	3610	3688	3808	3929	3987	4131	5939
90	204	197	199	204	223	237	240	230	229	238	244	271	284	334	403	409	489	539	535	586	749	735	726	779	848	917	998	943	954	1052	1174	1205	1184	1131	1002	1102	1109	1116	1123	1130	1137	1114	1091	1069	1046	1023	1031	1039	1047	1022	996	1032	1045	1072	1087	1090	1094	1106	1109	1075	1026
91	669	687	724	741	799	863	907	960	1012	1018	1072	1055	1127	1244	1370	1444	1680	2016	2258	2553	2820	2783	2746	2710	2673	2636	2640	2645	2649	2654	2658	2681	2704	2728	2751	2774	2797	2820	2842	2865	2888	2966	3044	3121	3199	3277	3398	3520	3641	3580	3519	3585	3665	3700	3748	3817	3896	4014	4098	4137	3706
93	2075	2062	2075	2062	2244	2353	2529	2558	2505	2773	2943	3194	3736	4607	5033	5706	6577	7313	8522	9817	11360	11604	11847	12091	12334	12578	12686	12794	12901	13009	13117	12831	12545	12260	11974	11688	12085	12482	12880	13277	13674	14334	14994	15655	16315	16975	17293	17612	17930	17458	16986	17362	17186	17587	18312	18922	19396	20278	21392	22443	21471
94	2110	2121	2341	2748	3417	4036	4773	4667	3529	3054	3803	4792	5918	8021	10380	9506	11178	14653	16517	18597	21845	22105	22365	22624	22884	23144	23642	24140	24637	25135	25633	25454	25276	25097	24919	24740	25765	26791	27816	28842	29867	30871	31875	32880	33884	34888	35743	36597	37452	35007	32562	33217	33547	34656	35003	36114	37861	38535	39351	39212	35797
95	277	287	302	338	386	397	298	319	330	355	367	389	408	478	541	520	529	613	677	738	879	905	931	957	983	1009	1049	1089	1129	1169	1209	1248	1287	1326	1365	1404	1464	1524	1585	1645	1705	1806	1906	2007	2107	2208	2359	2511	2662	2868	3073	3234	3373	3553	3764	4001	4280	4518	4758	4892	4563
96	240	226	219	235	264	324	348	140	170	195	209	207	238	344	532	613	732	880	964	956	1323	1371	1418	1466	1513	1561	1650	1740	1829	1919	2008	2149	2289	2430	2570	2711	2693	2676	2658	2641	2623	2719	2815	2910	3006	3102	3258	3414	3570	3725	3880	4066	4255	4434	4599	4762	4949	5148	5362	5579	5418
97	490	476	485	503	556	756	802	865	957	1046	1138	1382	1667	2561	4284	4596	5799	6611	6248	7126	7188	7195	7202	7210	7217	7224	7019	6815	6610	6406	6201	6307	6412	6518	6623	6729	6884	7039	7193	7348	7503	7848	8193	8538	8883	9228	9618	10008	10398	10518	11082	11340	10442	10097	10388	10558	11280	11427	11071	10614	10876
98	102	108	112	111	127	135	141	138	151	152	160	179	223	262	509	610	712	830	956	1323	1542	1029	1132	1124	1242	1258	1105	1172	1130	1224	4595	1611	2075	2624	2644	2618	2817	3310	4326	4933	4703	4366	4028	3691	3353	3016	3099	3183	3266	3249	3231	3355	3684	3782	3570	3520	3908	3747	3754	3868	3323
99	1397	1512	1630	1741	1971	2090	2197	2353	2297	2641	2949	3388	4134	4817	5002	5907	5795	6802	8746	10763	12653	12898	13143	13387	13632	13877	14597	15318	16038	16759	17479	18271	19063	19854	20646	21438	23629	25820	28011	30202	32393	33643	34892	36142	37391	38641	38963	39284	39606	37555	35503	36292	36270	36702	38455	41251	41508	44882	48084	49944	52704
101	3783	4421	3137	3484	3811	3959	4194	3957	3913	4398	5004	5030	6312	7810	10309	9891	9782	10562	10223	12812	15558	15748	15938	16127	16317	16507	16905	17304	17702	18101	18499	19076	19653	20231	20808	21385	21954	22522	23091	23659	24228	24291	24354	24417	24480	24543	25204	25865	26526	26635	26744	27667	28666	28523	28786	29013	29736	30412	31046	31725	30591
102	1867	2059	2298	2613	2837	3027	3254	3559	3833	4208	4711	5155	5972	7166	8096	9182	9017	10293	12544	15629	18908	19197	19487	19776	20066	20355	21030	21704	22379	23053	23728	24025	24322	24620	24917	25214	25710	26206	26703	27199	27695	27779	27862	27946	28029	28113	28122	28131	28140	27432	26724	26837	26016	25269	24955	25141	25509	25973	26263	26696	24419
103	1745	1842	1885	1970	2105	2247	2502	2588	2417	2626	3057	3304	3962	3963	4864	5779	5920	6418	5170	4687	5109	5055	5001	4946	4892	4838	5070	5301	5533	5764	5996	6195	6394	6593	6792	6991	6903	6816	6728	6641	6553	6632	6710	6789	6867	6946	6995	7045	7094	6940	6785	6854	6768	6764	6771	6795	6868	6922	7044	7102	6382
104	971	1163	1307	1481	1724	1897	2184	2535	2992	3443	4072	4541	5930	7990	8702	9312	10389	12663	17632	18198	18918	19392	19865	20339	20812	21286	22310	23333	24357	25380	26404	26684	26964	27244	27524	27804	28018	28232	28446	28660	28874	29227	29581	29934	30288	30641	30959	31276	31594	31194	30794	30715	31313	31793	31835	32029	32287	32855	33108	33021	31745
105	777	771	777	771	840	1092	1126	1015	848	999	871	885	991	1147	1407	1546	1805	2167	2591	3195	3730	3772	3815	3857	3900	3942	3765	3588	3410	3233	3056	3116	3176	3237	3297	3357	3399	3442	3484	3527	3569	3733	3898	4062	4227	4391	4612	4833	5054	5047	5040	4987	4952	4939	4956	4958	4818	4816	4794	4769	4617
106	716	716	716	716	716	716	721	753	816	889	950	1059	1247	1600	2371	2696	3175	3585	3774	4523	5090	4811	5298	5752	5889	6180	6573	5413	4908	4805	7011	6502	5994	5485	4977	4468	4650	4832	5015	5197	5379	6040	6701	7363	8024	8685	9284	9882	10481	10800	11118	11736	12090	12594	12903	12854	12812	13157	13518	13945	13421
107	301	292	310	320	334	323	365	374	397	413	439	470	537	615	704	744	764	952	1083	1226	1375	1358	1341	1323	1306	1289	1315	1342	1368	1395	1421	1400	1379	1357	1336	1315	1309	1302	1296	1289	1283	1296	1308	1321	1333	1346	1377	1409	1440	1461	1481	1527	1551	1594	1632	1677	1710	1737	1798	1853	1811
109	7014	7326	25769	23544	22712	20574	21203	19718	19711	18883	18124	22722	24287	27604	62289	54196	55891	56961	59252	89828	39983	82332	67696	62575	62096	24962	46325	54845	48458	55430	42516	40086	40827	41600	40749	41618	40966	40314	39663	39011	38359	40444	42529	44613	46698	48783	49742	49677	47817	41758	38357	39854	40384	38989	36833	35472	35253	32966	32264	31191	28955
110	389	366	355	381	427	464	444	441	447	487	533	554	608	729	878	953	1017	1152	1168	1338	1547	1571	1614	1655	1684	1796	1805	1713	1797	1871	2522	2262	2002	1743	1483	1223	1276	1329	1383	1436	1489	1544	1598	1653	1707	1762	1865	1969	2072	2062	2051	2140	2098	2273	2311	2336	2388	2453	2495	2556	2329
111	159	159	167	191	166	188	200	191	195	211	215	226	239	281	333	367	381	436	492	529	547	530	525	498	666	873	886	899	911	924	937	971	1005	1038	1072	1106	1154	1202	1250	1298	1346	1414	1482	1549	1617	1685	1796	1908	2019	2164	2308	2452	2606	2780	2940	3094	3261	3433	3593	3733	3697
112	1412	1403	1412	1403	1527	1601	1721	1741	1846	2030	2185	2416	2682	3498	4509	4755	4857	5328	6146	7260	8274	8524	8774	9025	9275	9525	9643	9761	9879	9997	10115	9326	8537	7748	6959	6170	6635	7100	7564	8029	8494	9400	10306	11212	12118	13024	13892	14759	15627	14256	12885	13933	14675	15270	15775	16192	16728	17436	18274	18510	17985
113	870	844	860	892	987	1056	1059	1059	1093	1193	1294	1381	1520	1895	2357	2521	2631	2932	3165	3681	4221	4493	4352	4178	4165	4304	4378	4376	6275	5115	5737	6326	6916	7505	8095	8684	8673	8662	8650	8639	8628	8821	9015	9208	9402	9595	10073	10550	11028	11824	12619	12145	11668	10854	10400	10116	10504	10858	10937	10478	8409
114	51	52	60	66	72	74	75	77	78	83	84	92	95	140	170	165	159	202	272	288	417	419	420	422	423	425	429	433	438	442	446	456	466	477	487	497	508	518	529	539	550	679	808	937	1066	1195	1238	1280	1323	1354	1384	1420	1465	1505	1534	1537	1574	1506	1465	1426	1303
115	603	569	579	590	678	697	718	748	777	833	856	877	925	950	1158	1321	1347	1500	1576	1730	1753	1680	1606	1533	1459	1386	1207	1029	850	672	493	422	352	281	211	140	207	275	342	410	477	449	421	394	366	338	349	361	372	374	376	394	415	441	434	426	411	413	410	392	373
116	864	890	939	990	1063	1133	1203	1254	1324	1426	1519	1647	1865	2235	2532	2776	2952	3283	3815	4347	4802	4841	4712	4734	4834	4995	5801	6478	7120	7347	12792	14938	14532	14007	14280	12520	12842	12753	12625	12666	12623	12901	13180	13458	13737	14015	14451	14886	15322	14996	15622	5905	12088	10482	7978	7144	6937	9053	9622	8426	5841
118	1570	1618	1812	1762	1909	1984	2121	2110	2215	2413	2563	2786	3051	3935	5019	5121	5578	6003	6635	7741	9053	10233	9305	7999	7682	7760	7755	8002	8946	9650	12518	11493	10468	9443	8418	7393	7820	8246	8673	9099	9526	10462	11398	12333	13269	14205	15339	16473	17607	16492	15377	16664	17517	18310	19011	19444	20189	21350	22415	23523	23511
119	3773	3728	3878	4102	4619	4671	4882	4908	5349	6157	7179	7367	9140	12383	14907	14499	15875	17532	21795	25399	27608	28285	28963	29640	30318	30995	33347	35699	38051	40403	42755	43914	45073	46232	47391	48550	51075	53600	56125	58650	61175	62842	64509	66175	67842	69509	70883	72257	73631	71156	68681	69227	67332	68950	70386	72366	74349	73519	72994	73662	71786
121	362	367	379	380	392	397	418	433	456	455	466	490	532	639	721	835	776	816	899	1134	1289	1240	1191	1142	1093	1044	1043	1041	1040	1038	1037	1005	973	940	908	876	882	887	893	898	904	897	890	883	876	869	896	923	950	910	869	854	853	845	845	844	855	866	871	887	803
122	161	168	172	175	174	201	222	224	199	210	223	272	293	311	371	402	425	494	562	607	689	682	676	669	663	656	639	621	604	586	569	580	592	603	615	626	634	642	651	659	667	663	658	654	649	645	674	702	731	761	791	802	791	805	823	820	818	828	841	863	847
123	808	776	788	813	843	899	930	939	954	1028	1058	1090	1264	1874	2267	2169	2518	2927	3409	4319	4867	4989	5111	5234	5356	5478	5704	5930	6155	6381	6607	7111	7616	8120	8625	9129	9345	9561	9777	9993	10209	10476	10743	11010	11277	11544	12010	12476	12942	13078	13214	13697	14225	14673	15328	15863	16328	17034	17626	18177	16980
125	286	269	260	280	313	385	413	145	179	174	181	213	236	269	253	382	425	466	533	683	750	720	690	660	630	600	613	626	639	652	665	668	670	673	675	678	694	710	727	743	759	784	809	835	860	885	900	915	930	943	955	994	1068	1106	1154	1201	1231	1255	1273	1292	1237
129	393	451	450	445	582	650	660	680	728	671	684	720	816	998	1205	1342	1436	1438	1407	1617	1729	1697	1665	1632	1600	1568	1564	1560	1557	1553	1549	1555	1560	1566	1571	1577	1572	1566	1561	1555	1550	1568	1585	1603	1620	1638	1680	1723	1765	1755	1744	1777	1843	1890	1919	1924	1897	1964	2004	2014	1956
132	1231	1292	1346	1452	1669	1761	1907	2022	2174	2339	2483	2657	2972	3527	4458	5294	5205	4652	5674	7258	10238	10225	10213	10200	10188	10175	10138	10101	10064	10027	9990	9961	9932	9904	9875	9846	10247	10649	11050	11452	11853	11921	11988	12056	12123	12191	12425	12659	12893	12667	12441	12725	13020	12987	13075	13206	13289	13392	13527	13374	12128
135	343	343	343	343	343	343	345	360	390	425	454	507	596	765	1134	1290	1519	1715	1805	2163	2435	2707	2917	3038	2279	2311	2336	2361	2385	2410	2435	2352	2268	2185	2101	2018	2056	2094	2132	2170	2208	2339	2470	2600	2731	2862	3095	3329	3562	3591	3620	4175	4607	5053	5357	5390	5353	5533	5833	6029	5646
137	431	417	476	518	530	543	515	530	553	601	634	680	773	929	1115	1274	1326	1492	1743	2042	2353	2368	2383	2398	2413	2428	2485	2541	2598	2654	2711	2691	2671	2652	2632	2612	2679	2746	2813	2880	2947	3069	3192	3314	3437	3559	3718	3877	4036	4167	4297	4446	4509	4633	4667	4796	4761	4942	5036	5127	4708
138	142	134	130	139	156	192	206	204	208	226	228	233	221	264	326	396	335	364	422	454	440	414	389	363	338	312	330	347	365	382	400	401	401	402	402	403	424	444	465	485	506	539	572	604	637	670	705	741	776	811	845	877	912	947	987	1018	1033	1028	1033	1027	985
139	110	104	101	108	121	149	160	158	161	175	176	181	172	205	252	307	259	282	327	352	361	372	383	393	404	415	401	386	372	357	343	359	375	392	408	424	459	494	528	563	598	691	784	876	969	1062	1193	1323	1454	1602	1749	1875	2031	2212	2396	2475	2604	2743	2894	3063	2766
140	870	865	870	865	941	987	1061	1073	1138	1251	1347	1489	1653	2156	2779	2930	2993	3283	3788	4474	4928	4802	4676	4550	4424	4298	4236	4174	4111	4049	3987	4057	4127	4197	4267	4337	4367	4398	4428	4459	4489	4632	4775	4919	5062	5205	5400	5595	5790	5799	5807	5970	6126	6315	6552	6759	6643	6460	6417	6257	5652
142	232	235	249	258	275	301	364	331	297	297	319	317	360	334	409	517	465	432	490	552	567	581	596	610	625	639	653	667	681	695	709	729	748	768	787	807	826	845	865	884	903	913	923	934	944	954	976	999	1021	1048	1075	1100	1140	1173	1222	1249	1243	1339	1425	1503	1442
143	1871	2030	2172	2325	2700	2991	3214	3487	3826	4287	4747	5480	6657	8722	10234	11945	12930	15015	18252	20759	22369	22506	22643	22781	22918	23055	23720	24385	25051	25716	26381	26811	27241	27672	28102	28532	29590	30649	31707	32766	33824	34086	34349	34611	34874	35136	36082	37027	37973	37488	37003	37508	37035	36806	37107	37745	38368	39252	39945	40460	38672
145	2187	2335	2582	2854	3122	3333	3575	3831	4146	4497	4672	5181	6310	8146	8727	10930	11229	12338	15158	18265	20748	20965	21182	21400	21617	21834	22455	23076	23696	24317	24938	25147	25355	25564	25772	25981	26605	27229	27852	28476	29100	29381	29662	29943	30224	30505	30796	31088	31379	31007	30634	31174	31141	31230	31125	31396	31898	32607	33306	33810	32447
146	5415	5486	5733	6139	6588	5038	5130	5124	4414	4811	5344	6433	7644	10033	10670	9632	10113	11429	13701	15372	17201	17551	17900	18250	18599	18949	18960	18971	18982	18993	19004	19302	19599	19897	20194	20492	20855	21218	21582	21945	22308	22907	23506	24106	24705	25304	25198	25091	24985	24607	24687	25162	25713	25923	26348	26735	27135	27511	27975	28207	27411
147	533	555	594	636	721	1137	1187	1247	1276	1340	1349	1392	1432	1728	2333	2352	2650	3116	2890	2067	2748	2696	2644	2592	2540	2488	2368	2247	2127	2006	1886	1875	1864	1853	1842	1831	1892	1954	2015	2077	2138	2178	2217	2257	2296	2336	2417	2498	2579	2597	2614	2732	2838	2921	3007	3108	3204	3305	3149	3016	2922
148	305	320	340	364	351	391	397	365	344	325	326	337	352	436	459	455	449	529	705	814	941	896	851	805	760	715	712	710	707	705	702	685	668	652	635	618	614	610	605	601	597	600	602	605	607	610	624	638	652	653	653	640	684	689	706	700	712	720	743	758	756
149	177	184	198	204	215	222	235	188	184	229	423	303	395	476	759	825	1048	1009	992	1246	1645	1564	1483	1403	1322	1241	1276	1311	1347	1382	1417	1418	1418	1419	1419	1420	1430	1440	1449	1459	1469	1525	1581	1638	1694	1750	1815	1881	1946	2041	2135	2176	2205	2259	2336	2332	2237	2199	2186	2180	2089
153	2408	2605	2784	2965	3236	3615	3869	4198	4442	4797	5483	6194	7311	9419	11262	13571	14756	16963	18931	21544	26007	26835	27663	28491	29319	30147	30541	30935	31329	31723	32117	33199	34281	35362	36444	37526	38749	39973	41196	42420	43643	44375	45108	45840	46573	47305	47682	48060	48437	47596	46755	46754	47566	47617	48274	48637	48772	49572	49654	49874	48947
154	873	848	863	896	991	1060	1063	1063	1097	1198	1299	1387	1527	1903	2367	2531	2642	2945	3179	3696	4239	4512	4371	4196	4183	4322	4396	4394	4685	4972	5293	5266	5393	5550	5697	5910	6116	6525	7099	7548	7230	6939	6781	6924	7239	7588	7624	7768	7600	7932	8112	8441	8438	8433	8378	8657	9215	9162	9042	8938	7732
155	154	155	187	194	195	195	203	312	534	658	679	770	904	1143	3727	4526	5249	5325	5035	6484	9818	10911	12004	13096	14189	15282	15158	15034	14910	14786	14662	14994	15326	15657	15989	16321	16856	17391	17925	18460	18995	19405	19816	20226	20637	21047	22247	23446	24646	25100	24618	22279	21536	20259	19186	18692	18714	18177	18174	17963	17583
156	336	359	365	382	421	471	504	562	598	621	702	722	617	407	549	689	785	863	984	1053	1224	1266	1307	1349	1390	1432	1470	1507	1545	1582	1620	1653	1686	1718	1751	1784	1796	1808	1821	1833	1845	1905	1965	2025	2085	2145	2202	2260	2317	2364	2411	2427	2460	2515	2580	2668	2809	2895	3026	3052	2961
158	1239	1342	1419	1527	1593	1699	1797	1944	2031	2165	2263	2483	2655	2956	3291	3591	3718	3844	4446	4967	6558	6638	6719	6799	6880	6960	6783	6605	6428	6250	6073	6291	6508	6726	6943	7161	7355	7549	7744	7938	8132	8339	8546	8753	8960	9167	10025	10882	11740	11974	12207	13404	14380	15067	15705	16334	16848	17487	17830	18122	14705
159	285	298	312	324	351	388	431	476	510	566	645	698	811	1192	1308	1175	1274	1346	1555	1783	1927	1902	1878	1853	1829	1804	1781	1758	1735	1712	1689	1801	1913	2025	2137	2249	2189	2130	2070	2011	1951	1934	1917	1900	1883	1866	1923	1981	2038	2128	2217	2401	2540	2625	2791	2820	2902	2933	2858	2919	2766
160	450	436	444	461	510	576	589	606	620	649	676	738	833	1053	1377	1523	1670	2005	2390	3105	4047	3997	3947	3897	3847	3797	3838	3880	3921	3963	4004	4057	4110	4163	4216	4269	4174	4079	3984	3889	3794	3815	3837	3858	3880	3901	4051	4202	4352	4500	4647	4773	4640	5206	5367	5443	5595	5782	5886	5785	5661
161	1283	1406	1549	1648	1937	2231	2566	2530	2278	2481	2792	3029	3266	3800	4660	5516	5076	4530	3770	4694	6083	5965	5846	5728	5609	5491	5288	5085	4883	4680	4477	4646	4815	4983	5152	5321	5365	5410	5454	5499	5543	5712	5881	6049	6218	6387	6914	7440	7967	8261	8555	8962	9342	9730	9803	9964	10218	10319	10529	10561	9277
162	1054	1106	649	696	729	775	828	859	930	1001	773	833	876	1070	1422	1493	1667	1862	2092	2464	2827	2723	2620	2516	2413	2309	2358	2406	2455	2503	2552	2547	2542	2537	2532	2527	2561	2595	2629	2663	2697	2768	2839	2909	2980	3051	3161	3272	3382	3471	3560	3634	3817	4022	4203	4379	4610	4843	5063	5285	4705
164	1825	1813	1825	1813	1974	2069	2224	2249	2386	2623	2823	3122	3465	4520	5826	6144	6276	6884	7942	9381	10690	11886	10921	9799	9551	9210	9520	8184	8772	10450	8194	8364	8534	8705	8875	9045	9596	10147	10698	11249	11800	12197	12594	12990	13387	13784	14661	15538	16415	16863	17310	18189	18495	18762	19416	20154	20758	21822	23119	24154	23708
165	1287	1379	1466	1550	1674	1851	2033	2273	2513	2762	3186	3782	4627	6211	7108	7560	7723	8057	8732	9792	11969	12033	12097	12160	12224	12288	13081	13873	14666	15458	16251	16468	16685	16901	17118	17335	18043	18752	19460	20169	20877	20963	21049	21134	21220	21306	21516	21727	21937	21769	21601	21278	20544	20461	20796	21245	21743	22560	23240	23858	21855
166	2636	2772	2887	3041	3302	3533	3741	3862	3620	3878	4282	4818	5519	6214	6711	8026	7713	8714	11043	14337	18368	18771	19175	19578	19982	20385	21050	21715	22380	23045	23710	24043	24376	24708	25041	25374	26219	27063	27908	28752	29597	30226	30856	31485	32115	32744	33141	33539	33936	33126	32315	32765	32990	33545	34312	34898	35456	36244	37021	37581	36066
167	3824	3995	4263	4534	4895	5254	5702	6059	6504	7052	7452	8779	10569	15087	42230	41305	51066	53600	57026	74171	94569	94341	74017	56474	53036	44756	34229	34706	36572	37757	41348	41269	46563	46811	48181	49758	51714	66188	71590	72914	64829	65766	66702	67639	68575	69512	72044	74576	77108	75741	83621	88529	88399	89259	90504	91597	87834	82799	82156	81528	79962
168	523	309	350	480	406	356	439	530	656	806	939	1018	1087	1360	1872	2049	2778	3510	4660	5886	5642	6034	6426	6819	7211	7603	8353	9103	9853	10603	11353	12265	13177	14089	15001	15913	16560	17206	17853	18499	19146	19979	20813	21646	22480	23313	24203	25094	25984	26700	27415	28214	28731	29436	30297	30970	31756	32667	33471	34103	33814
169	701	680	694	725	789	847	854	852	878	958	1034	1101	1202	1493	1854	1994	2055	2286	2474	2867	3274	3325	3376	3428	3479	3530	3600	3671	3741	3812	3882	3419	2955	2492	2028	1565	1546	1527	1507	1488	1469	1626	1783	1940	2097	2254	2409	2564	2719	2750	2781	2953	2927	3191	3335	3310	3504	3714	3934	4139	3838
170	1326	1366	1530	1488	1612	1676	1792	1782	1870	2038	2165	2353	2577	3324	4239	4325	4711	5070	5604	6538	7646	7874	8102	8331	8559	8787	8601	8416	8230	8045	7859	7731	7604	7476	7349	7221	7161	7101	7042	6982	6922	7400	7878	8355	8833	9311	10125	10938	11752	11330	10907	11071	11187	11619	12001	12491	12922	14062	14998	15658	15165
171	1609	1657	1749	1842	1979	2110	2240	2334	2465	2655	2828	3067	3472	4161	4714	5168	5495	6113	7102	8093	8939	9013	8773	8813	8999	9300	10800	12060	13256	12426	12630	11668	10706	9745	8783	7821	7974	8127	8280	8433	8586	9228	9870	10512	11154	11796	12745	13693	14642	14353	14063	14652	15143	15305	15141	14546	14547	14796	15213	15554	15173
173	156	155	154	153	151	168	136	169	177	188	213	209	224	256	264	470	533	597	653	750	815	810	805	800	795	790	777	764	752	739	726	699	672	645	618	591	605	619	633	647	661	697	733	768	804	840	890	940	990	1017	1044	1095	1159	1182	1233	1284	1328	1346	1426	1524	1438
182	944	1024	944	1024	1114	1177	1257	1321	1589	1638	1757	2280	2958	4410	13062	12812	16646	18257	18650	24514	33903	31104	28305	25507	22708	19909	19788	19667	19546	19425	19304	19324	19344	19365	19385	19405	19588	19771	19955	20138	20321	20338	20355	20372	20389	20406	20459	20512	20565	20470	20374	21886	22537	22622	22948	23279	23354	22808	22886	22555	21474
183	616	632	631	634	653	641	642	623	639	587	589	588	692	772	843	1105	1092	1091	1190	1446	1531	1531	1530	1530	1529	1529	1519	1509	1498	1488	1478	1466	1454	1441	1429	1417	1439	1460	1482	1503	1525	1555	1585	1615	1645	1675	1691	1706	1722	1729	1736	1705	1718	1715	1726	1775	1837	1920	1985	2021	1994
184	1519	1475	1502	1558	1724	1844	1850	1849	1909	2084	2260	2413	2656	3310	4118	4403	4596	5123	5529	6430	7374	7848	7603	7298	7276	7518	7647	7644	8150	8648	9207	8223	7239	6256	5272	4288	4396	4504	4611	4719	4827	5149	5471	5792	6114	6436	6726	7016	7306	7207	7107	7263	7224	7446	7345	7433	7721	7925	8327	8734	8713
186	343	344	354	354	372	353	363	331	308	374	391	371	404	490	542	557	478	544	740	837	812	800	789	777	766	754	744	734	724	714	704	672	640	609	577	545	521	497	472	448	424	469	513	558	602	647	670	693	716	729	742	770	864	1017	1040	810	841	852	861	885	848
188	4828	4973	5249	5529	5938	6332	6723	7005	7397	7969	8489	9204	10420	12488	14148	15512	16492	18346	21315	24289	26830	27050	13045	13005	12117	12205	12317	12428	12540	12651	12763	12372	11980	11589	11197	10806	11182	11559	11935	12312	12688	13368	14049	14729	15410	16090	17493	18897	20300	20173	20045	20620	20931	21240	21787	22582	22991	23630	24548	25130	24271
189	915	993	915	993	1081	1142	1220	1282	1366	1498	1659	1912	2308	3022	5464	5617	6737	7603	8153	10592	13940	14843	13383	12320	12209	11521	11114	12601	13865	15375	17065	16886	16706	16527	16347	16168	16895	17621	18348	19074	19801	20532	21263	21995	22726	23457	24727	25998	27268	26277	25286	25449	24748	24494	25260	26013	26824	28097	29242	30062	28595
190	365	354	361	378	411	441	445	418	452	445	538	727	568	745	1098	934	1003	1086	1250	1646	1775	1907	1856	1719	2338	2084	1836	2021	2560	2663	2340	2469	2597	2726	2854	2983	2839	2695	2550	2406	2262	2224	2186	2149	2111	2073	2190	2308	2425	2428	2430	2687	2754	2783	2770	2806	2889	2906	2915	2897	2733
191	229	238	247	256	266	276	283	291	299	305	315	325	407	488	434	619	640	354	361	347	336	380	420	403	440	494	523	563	572	596	498	482	460	448	443	443	454	456	455	452	441	405	369	369	442	443	443	444	445	445	446	425	389	344	296	296	303	319	317	317	299
192	1198	1221	1268	1372	1471	1571	1674	1828	1936	2132	2295	2483	2534	3413	4194	4242	3986	4335	4883	5895	8310	8215	8120	8026	7931	7836	7795	7753	7712	7670	7629	7519	7408	7298	7187	7077	7164	7251	7337	7424	7511	7707	7903	8098	8294	8490	8827	9163	9500	9475	9450	9607	9669	9728	9720	9684	9654	9728	9759	9658	8972
193	1005	1141	1318	1541	1707	1959	2249	2452	2414	2735	2989	3358	4228	5564	6816	7960	8122	8970	10755	14243	15334	15470	15606	15743	15879	16015	16761	17506	18252	18997	19743	19991	20240	20488	20737	20985	21811	22636	23462	24287	25113	25566	26019	26473	26926	27379	27785	28191	28597	27767	26937	26638	25953	25672	26157	27093	27892	28655	29182	29548	26120
194	806	807	792	659	686	861	868	901	853	910	1041	1052	1112	1229	1500	1562	1452	1630	1066	1290	1518	1574	1630	1687	1743	1799	1838	1876	1915	1953	1992	2086	2180	2275	2369	2463	2583	2703	2823	2943	3063	3153	3244	3334	3425	3515	3727	3938	4150	4353	4555	4901	5309	5448	5662	5878	6149	6522	6622	6567	6230
195	273	289	307	305	306	311	312	329	335	360	398	420	443	532	664	784	948	1146	1202	1211	1063	1038	1013	987	962	937	955	974	992	1011	1029	1055	1082	1108	1135	1161	1208	1255	1303	1350	1397	1440	1483	1527	1570	1613	1729	1844	1960	1992	2023	2167	2365	2388	2405	2429	2436	2375	2239	2128	1995
196	929	947	969	1003	1073	1198	1437	1620	1756	1821	1905	2080	2339	2502	3046	3867	4217	5349	6128	6507	6588	6425	6263	6100	5938	5775	5685	5595	5504	5414	5324	5246	5168	5091	5013	4935	4941	4947	4952	4958	4964	5197	5430	5663	5896	6129	6348	6568	6787	6914	7207	7496	7641	7773	7834	7869	7405	7443	7730	7734	6426
197	3665	3737	3825	3958	4234	4727	5672	6397	6931	7190	7519	8209	9235	9878	12026	15266	16646	21117	24191	25688	26007	26835	27663	28491	29319	30147	30541	30935	31329	31723	32117	33199	34281	35362	36444	37526	38749	39973	41196	42420	43643	44375	45108	45840	46573	47305	47682	48060	48437	47596	46755	46600	50335	47219	47723	47938	48704	49786	50854	51623	49543
198	257	308	321	370	434	459	490	464	483	621	643	760	794	1165	1347	1425	1306	1413	1534	1799	2298	2347	2396	2444	2493	2542	2812	3083	3353	3624	3894	3926	3958	3990	4022	4054	4088	4123	4157	4192	4226	4284	4342	4400	4458	4516	4593	4671	4748	4751	4754	4739	4803	4866	4908	4917	4932	4993	5072	5168	5040
199	2541	2750	2966	3192	3533	3851	4150	4470	4716	5087	5640	6112	7178	8694	9633	12047	12943	13633	15028	17716	20362	20730	21098	21465	21833	22201	22674	23148	23621	24095	24568	24583	24597	24612	24626	24641	25550	26459	27367	28276	29185	29889	30593	31296	32000	32704	33215	33726	34237	34005	33773	34515	34267	34494	35026	36177	36465	36901	37186	37542	36463
200	2918	3239	3502	3770	4110	4306	4576	4865	5130	5496	5994	7139	8672	11579	13319	15360	16216	17372	24256	27205	28566	28865	29163	29462	29760	30059	30769	31479	32189	32899	33609	33310	33012	32713	32415	32116	32651	33186	33722	34257	34792	35012	35232	35451	35671	35891	36772	37654	38535	38456	38376	38720	38818	39128	39464	39436	39815	39983	40825	40998	39828
201	424	452	514	538	581	617	544	620	665	823	758	887	1012	1036	1595	2041	2207	2154	2512	2601	3308	3290	3271	3253	3234	3216	3166	3117	3067	3018	2968	3131	3294	3458	3621	3784	3778	3773	3767	3762	3756	3831	3907	3982	4058	4133	4255	4377	4499	4624	4749	4357	3609	2702	2726	2768	2624	2602	2590	2522	2436
202	240	270	291	322	362	378	383	403	399	461	535	612	767	1055	1207	1256	1590	1912	2188	2546	3176	3332	3413	3110	3448	3634	4133	5038	5910	6748	7522	8338	9148	9912	10790	11632	12478	13333	13927	14978	16072	16140	17213	18213	19856	21527	23330	25424	26019	25721	28901	30539	31609	32717	34348	36000	36576	37389	38191	38768	37206
203	820	706	631	667	749	858	914	864	851	930	1009	1054	1166	1437	1591	1754	1753	1996	1909	2180	2488	2623	2689	2770	2950	3176	3133	3090	3047	3004	2961	2576	2190	1805	1419	1034	1021	1008	995	982	969	1075	1181	1288	1394	1500	1594	1687	1781	1861	1940	2028	2121	2218	2305	2342	2446	2561	2694	2829	2890
204	329	351	372	386	411	450	525	544	570	609	626	633	682	878	1081	1144	1274	1449	1720	1919	2221	2302	2383	2465	2546	2627	2888	3149	3411	3672	3933	4285	4636	4988	5339	5691	5652	5613	5575	5536	5497	5733	5968	6204	6439	6675	6909	7144	7378	7526	7673	7713	8239	8426	8460	8669	8927	9262	9622	9801	9185
205	1357	1398	1566	1523	1650	1715	1834	1824	1914	2086	2215	2408	2637	3401	4338	4426	4821	5188	5735	6691	7825	8845	8043	6914	6640	6708	6703	6916	7732	8341	8531	8132	7733	7335	6936	6537	6709	6880	7052	7223	7395	7492	7589	7686	7783	7880	8305	8730	9155	9177	9198	9395	9335	9591	9913	10259	10540	10644	10942	11367	10694
206	250	235	228	245	274	337	362	358	365	396	400	410	389	464	572	695	588	639	740	796	818	800	794	749	756	788	810	884	846	724	753	795	835	883	936	995	1050	1072	966	981	1101	1251	1134	1069	1039	1085	1009	1105	1237	1373	1483	1546	1607	1608	1652	1678	1708	1629	1594	1939	2520
207	205	211	219	235	267	291	325	334	335	354	321	350	402	476	642	691	679	835	867	915	1135	1096	1057	1018	979	940	935	931	926	922	917	899	881	862	844	826	835	844	852	861	870	868	865	863	860	858	864	869	875	885	895	913	930	941	969	995	1011	1026	1049	1074	1071
210	1685	1808	1890	2051	2132	2180	2111	2185	2138	2160	2248	2427	2909	3490	5406	6409	6491	8051	9016	11478	15305	14756	14207	13659	13110	12561	12213	11865	11516	11168	10820	10890	10960	11031	11101	11171	11717	12264	12810	13357	13903	15134	16365	17596	18827	20058	21399	22739	24080	23580	23080	22925	23079	23324	23364	23460	21559	20395	19920	19791	18016
211	492	592	591	676	661	625	643	656	719	749	820	945	1235	1480	1886	2254	2294	2535	2882	3379	4001	4066	4132	4197	4263	4328	4355	4382	4409	4436	4463	4562	4662	4761	4861	4960	5197	5434	5672	5909	6146	6370	6594	6819	7043	7267	7594	7921	8248	8435	8622	8308	8525	8625	8727	8701	8702	8802	8941	8995	8126
212	1899	1060	1150	1302	1372	1434	1657	1799	1968	2143	1841	1714	2107	2594	3512	4308	4844	5426	5897	7919	5959	6116	6274	6431	6589	6746	7014	7283	7551	7820	8088	8213	8337	8462	8586	8711	8934	9158	9381	9605	9828	10155	10483	10810	11138	11465	11779	12092	12406	12477	12547	13363	13348	13599	13720	14006	14278	15151	15398	15304	15438
213	652	633	646	675	734	788	794	793	817	892	962	1025	1119	1390	1726	1856	1913	2127	2303	2668	3047	3226	3128	2998	2984	3083	3136	3010	3704	3683	3749	3409	3068	2728	2387	2047	2102	2157	2212	2267	2322	2810	3298	3786	4274	4762	5364	5965	6567	6995	7422	8384	9172	9954	10817	11355	11849	12408	12967	13575	12920
216	138	139	137	153	168	244	247	249	259	282	295	322	329	366	438	479	482	562	449	385	217	227	358	357	559	526	533	541	548	556	563	585	606	628	649	671	692	712	733	753	774	801	829	856	884	911	967	1023	1079	1110	1141	1206	1214	1209	1223	1239	1256	1251	1285	1322	1316
217	868	868	868	868	868	868	875	914	989	1078	1152	1284	1512	1940	2876	3270	3850	4347	4577	5485	6172	5834	6425	6976	7141	7495	7971	6448	7483	8244	8101	7266	6432	5597	4763	3928	3886	3844	3802	3760	3718	4095	4473	4850	5228	5605	5994	6384	6773	6429	6085	6424	6452	6466	6389	5778	5943	6110	6355	6596	6391
218	4243	4431	4738	5041	5445	5849	6353	6756	7258	7872	8443	9278	10683	21649	50172	79268	88408	98607	82463	96736	123263	115929	108594	101260	93925	86591	83973	81355	78738	76120	73502	72429	71356	70283	69210	68137	68325	68513	68702	68890	69078	68633	68189	67744	67300	66855	61690	56526	51361	46857	42353	42842	45027	46836	49035	50497	52847	52801	53074	53246	50194
219	2636	2772	2887	3041	3302	3533	3741	3862	3620	3878	4282	4818	5519	6214	6711	8026	7713	8714	11043	14337	18368	18771	19175	19578	19982	20385	21050	21715	22380	23045	23710	24043	24376	24708	25041	25374	26219	27063	27908	28752	29597	30226	30856	31485	32115	32744	33141	33539	33936	33126	32315	32765	32990	33545	34312	34898	35300	35992	36277	36665	32747
220	456	429	415	446	500	615	660	653	666	722	729	747	709	847	1043	1267	1072	1166	1350	1452	1491	1459	1449	1365	1374	1479	1373	1470	1065	895	835	823	811	800	788	776	789	803	816	830	843	882	921	961	1000	1039	1084	1128	1173	1214	1254	1305	1325	1371	1417	1464	1511	1559	1593	1635	1618
221	5276	5373	5691	5918	6269	6711	7273	7603	8224	8794	9153	9818	10690	11836	12727	13769	15199	16747	18731	20702	22313	23487	24661	25836	27010	28184	28833	29483	30132	30782	31431	31918	32406	32893	33381	33868	35001	36134	37266	38399	39532	40102	40672	41242	41812	42382	42642	42903	43163	42660	42156	42606	43325	43745	44559	45383	45807	46539	47658	48530	46734
223	1098	1350	1470	1308	1659	1571	1488	1302	1287	1606	1704	2231	1738	3147	3245	2801	2891	3226	3825	5555	7809	7494	7179	6865	6550	6235	6448	6661	6875	7088	7301	7549	7797	8046	8294	8542	8745	8948	9150	9353	9556	9572	9587	9603	9618	9634	10300	10967	11633	12245	12856	13449	13852	14420	14807	14868	15071	15296	15298	15406	14438
224	489	475	484	502	555	594	596	596	615	671	728	777	855	1066	1326	1418	1480	1650	1780	2071	2375	2527	2448	2350	2343	2421	2463	2461	2624	2785	2002	1892	1782	1673	1563	1453	1487	1521	1556	1590	1624	1703	1782	1860	1939	2018	2179	2340	2501	2684	2866	3013	3204	3397	3601	3812	3969	4074	4239	4409	4411
225	474	474	474	474	474	474	478	499	540	589	629	702	826	1060	1571	1787	2104	2375	2501	2987	2766	2928	3089	3251	3412	3574	3545	3515	3486	3456	3427	3443	3459	3475	3491	3507	3564	3622	3679	3737	3794	3735	3676	3618	3559	3500	3645	3790	3935	3963	3991	3949	3930	3920	3924	3966	4053	4205	4224	4259	3952
226	2956	2951	3146	3275	2702	2750	2796	2808	2978	2997	3159	3402	3618	4269	6168	6433	7170	8079	8572	9938	11594	11202	10810	10418	10026	9634	9628	9622	9617	9611	9605	9717	9829	9941	10053	10165	10042	9919	9796	9673	9550	9618	9687	9755	9824	9892	10537	11181	11826	11372	10918	11191	11635	11611	10992	10214	10377	10608	10836	11000	10557
227	272	282	295	325	366	380	312	335	344	369	388	403	399	446	526	548	521	589	656	717	845	873	884	916	899	784	805	826	848	869	890	951	1013	1074	1136	1197	1272	1348	1423	1499	1574	1687	1801	1914	2028	2141	2289	2437	2585	2715	2845	2991	3115	3249	3407	3597	3799	4023	4283	4557	4645
229	3716	3716	3716	3716	3716	3716	3716	3716	3716	3716	3716	3716	3716	3716	3716	3716	3716	3716	3716	3716	3716	3716	3716	3716	3716	3716	3716	3716	3716	3716	3716	3949	3968	4029	4411	4374	4851	4926	5335	5549	5369	5716	5758	5869	5969	6093	6417	6486	6008	5443	5620	5764	5570	5802	5876	6062	6159	6296	6431	6528	6265
230	459	459	482	552	478	543	577	550	561	609	620	651	688	811	960	1059	1099	1256	1418	1526	1576	1526	1513	1437	1432	1490	1456	1559	1508	1416	1831	1843	1856	1868	1881	1893	1938	1982	2027	2071	2116	2140	2163	2187	2210	2234	2240	2246	2252	2282	2281	1880	1871	1894	1909	1938	1711	1583	1556	1540	1377
231	523	496	479	482	546	683	774	812	924	1095	985	880	964	1211	1400	1135	1198	1094	1184	1367	1532	1493	1454	1414	1375	1336	1319	1301	1284	1266	1249	1204	1159	1115	1070	1025	1026	1027	1027	1028	1029	1055	1081	1106	1132	1158	1198	1238	1278	1331	1384	1422	1467	1513	1545	1518	1527	1532	1546	1522	1437
232	681	686	677	679	690	719	681	718	736	842	878	981	1166	1392	1619	1719	1644	1609	1553	1786	2223	2567	2631	2299	1808	1544	1641	1717	1924	1977	2032	2088	1856	1836	1966	1934	2098	2122	2152	2110	2024	2036	1845	1525	1428	1337	1279	1219	994	1034	1125	1227	1320	1342	1356	1334	1318	1344	1383	1270	1147
233	1002	1105	1233	1402	1522	1624	1746	1909	2057	2258	2527	2766	3204	3845	4344	4926	4838	5522	6730	8385	10144	10180	10216	10251	10287	10323	10903	11483	12062	12642	13222	13860	14499	15137	15776	16414	17164	17915	18665	19416	20166	20270	20374	20477	20581	20685	21442	22198	22955	22855	22755	22986	23072	23531	23830	24181	24433	26357	27340	28141	25302
234	2499	2402	2440	2515	2609	2783	2880	2905	2953	3181	3275	3373	3911	5799	7017	6712	7794	9058	10551	13367	15063	15792	16520	17249	17977	18706	20046	21386	22725	24065	25405	26959	28513	30068	31622	33176	34359	35542	36725	37908	39091	40347	41603	42860	44116	45372	46472	47571	48671	50271	51870	53962	54624	56285	57379	57850	59161	61795	63705	63819	61521
235	13372	12849	13056	13455	13958	14891	15407	15542	15799	17017	17524	18045	20923	31027	37543	35908	41698	48459	56451	71513	80588	76032	71477	66921	62366	57810	56327	54843	53360	51876	50393	50562	50732	50901	51071	51240	50688	50135	49583	49030	48478	48458	48438	48417	48397	48377	47858	47339	46820	45263	45778	46636	46342	44939	43286	42496	41000	41131	40774	41987	42109
236	3511	3399	3422	3516	3840	4075	4136	3962	3937	4101	4201	4660	4889	5749	6935	7041	8418	9278	9207	10091	12895	12667	12513	13413	14605	15791	17192	16245	16441	18113	20218	20247	20933	21557	22209	22901	23301	23814	25275	25668	26029	28532	29000	29328	29839	30052	29911	29086	28731	28206	27639	27361	26857	26940	27249	27625	27809	27667	27554	28013	26117
237	588	639	588	639	695	734	784	824	991	1021	1096	1422	1844	2750	8144	7989	10379	11384	11629	15285	21139	20291	19443	18596	17748	16900	17102	17304	17506	17708	17910	18713	19516	20319	21122	21925	22285	22645	23006	23366	23726	24594	25463	26331	27200	28068	26630	25193	23755	22771	22603	22461	22947	24059	25053	25637	25654	25888	25892	26332	25393
238	1519	1475	1502	1558	1724	1844	1850	1849	1909	2084	2260	2413	2656	3310	4118	4403	4596	5123	5529	6430	7374	7848	7603	7298	7276	7518	7647	7644	8150	8648	9207	8223	7239	6256	5272	4288	4396	4504	4611	4719	4827	5149	5471	5792	6114	6436	6726	7016	7306	7207	7107	7273	7274	7450	7493	7651	7773	7946	8116	8239	7907
239	1519	1475	1502	1558	1724	1844	1850	1849	1909	2084	2260	2413	2656	3310	4118	4403	4596	5123	5529	6430	7374	7848	7603	7298	7276	7518	7647	7644	8150	8648	9207	8223	7239	6256	5272	4288	4396	4504	4611	4719	4827	5149	5471	5792	6114	6436	6726	7016	7306	7207	7107	7328	7115	7369	7492	7737	7963	8338	8763	9122	7735
240	273	289	307	305	306	311	312	329	335	360	398	420	443	532	664	784	948	1146	1202	1211	1063	1038	1013	987	962	937	955	974	992	1011	1029	1055	1082	1108	1135	1161	1208	1255	1303	1350	1397	1440	1483	1527	1570	1613	1729	1844	1960	1992	2023	2167	2364	2387	2405	2429	2468	2523	2577	2616	2511
255	1341	1372	1517	1565	1665	1757	1856	1900	1964	2103	2222	2437	2753	3479	4688	5121	5574	6155	6755	8090	9037	9302	8994	8825	8796	8555	8730	8883	9038	9236	9492	9502	9565	9601	9649	9696	9966	10302	10595	10862	11064	11347	11620	11896	12181	12467	12777	13077	13354	13167	13093	13306	13486	13596	13774	13919	14142	14456	14766	14989	14385
