0	2020	2025	2030	2035	2040	2045	2050	2055	2060	2065	2070	2075	2080	2085	2090	2095	2100
6	6121.6	5918.74	6181.09	6642.21	7251.76	8118.43	9278.71	10761.2	12575.6	14760.8	17332.5	20322.8	23769.4	27726.6	32275.8	37377.2	43031
2	13446	17482.6	21326.5	25427.5	29691.5	34036.4	38329.2	42664.7	47182.5	51983.9	57078	62109.3	67045	71930.5	76888.9	81931.8	87063.1
218	67959.1	80899.5	95352.5	108139	116808	122286	125262	127185	129296	131916	134592	137084	139714	142338	144978	147742	150943
10	16713.6	18714.7	20653.2	22465.1	24541.6	27006.3	29925.9	33309.3	37127.7	41398.7	46075.6	51096.2	56466.8	62230.7	68421.5	75035.4	82032.4
11	13339.2	18984.1	24086.7	29565.3	34700.6	39286.4	43483.2	47637	52100.4	56946	61735.9	66012.4	70161.2	74376.8	78793.2	83440.6	88327.5
13	47086.7	52072.5	57195.8	62633.7	68390.2	74440.5	80421.7	86359.9	92470	98878.3	105357	111796	118176	124559	130991	137453	143849
14	48964	53626.4	58594.9	62279.3	65975.1	69642	73140.4	76687.5	80451.7	84487.6	88541.9	92541.9	96440.9	100246	103952	107560	111043
15	13493.3	15724.3	17375.7	18860	20401.4	22316.2	24731.1	27554.3	30776.4	34383.3	38354.3	42701.1	47458.5	52662.2	58316.3	64347.7	70749.5
34	721.399	774.5	911.979	1086.86	1298.65	1567.11	1912.8	2361.26	2937.66	3659.76	4539.71	5606.41	6891.25	8427	10240.1	12360.2	14819.2
21	45791.7	51817.1	55612.6	58763.3	61505.5	63985.9	66374	68950.4	71843.1	74992.1	78076.2	81033.4	83910.5	86790.8	89716.1	92645.7	95495.3
23	3231.54	3816.67	4561.51	5562.93	6634.22	7839.28	9232.63	10878.9	12843.7	15151.3	17839.4	20930.1	24494.2	28548.7	33183.7	38384.1	44161.3
33	2133.48	2391.77	2820.13	3484.65	4215.01	5080.12	6125.71	7407.81	8957.98	10802.8	12926.1	15372.4	18171.2	21379.2	25053.7	29212	33836
18	6005.84	7813.55	10504.3	13526.1	16594.3	19835.4	23306.4	27037.5	31103.6	35580.7	40318.7	45340	50486.2	55704.7	61064.9	66636	72393.6
32	22273.4	28139.5	33542.3	38748.3	43588.4	48204	52754.1	57455.8	62311.1	67301	72320.5	77395.7	82559.1	87866.6	93401.5	99265.6	105569
237	47462.1	51590.5	55207	59388.4	62605.5	65286.8	67852.1	70950.2	74714.9	79215.4	83731.1	88401.1	93277.6	98394.7	103819	109589	115733
16	26176.8	36917.7	39042.5	41407.5	43849.9	46559.2	49653.3	53141.6	57022.3	61298.7	65940.4	70935.2	76317.3	82129.7	88360.3	95018.8	102109
27	14582.4	18530.4	22355.7	26072.4	29194.1	31877.3	34263.2	36480.5	38672.9	40882.8	42936.3	44950.4	46896.6	48835.3	50837.3	52965.5	55257.1
20	18677.7	19606.5	20781.6	22290.4	23929.6	25686.7	27628.8	29969.5	32795.2	36101	39707.4	43542.1	47654.1	52139.7	57093.1	62536.8	68450.2
22	7752.25	10242.3	10931.9	12270.1	14096.3	16390	19158.3	22425.6	26260.2	30737.1	35798.9	41461.7	47649.5	54356.4	61581.3	69353.2	77696.1
26	7727.7	8438.57	8887.34	9713.02	11045.9	12843	15127.2	17914.3	21212.4	25018.1	29288.6	34033.1	39309.9	45153.2	51581.5	58567.1	66112.5
29	13811.4	15672.9	16679.3	18683.1	21440.8	24923.5	29073.1	33843.9	39174.6	45138.2	51624.8	58676.4	66213.5	74225.3	82703.1	91623.3	100956
235	61858.3	60312.9	67509.1	73422.1	76903.2	78935.9	80313.7	81592.4	83043.1	84864.8	86518.6	88257.3	90069	92080.1	94415.9	97121.8	100225
25	10910.1	12103.4	14220.3	16272.1	18358.6	20659	23262.4	26285.2	29754.6	33719.6	37995.5	42548.5	47329.7	52254	57392	62771.7	68422
28	13668.3	16845.8	19143.3	21590.4	23881.2	26194.5	28750.5	31677.1	34954.9	38512.6	42308.4	46397.9	50897.7	55821.3	61248.5	67108	73443.9
41	858.802	808.47	865.73	1027.13	1246.93	1548.65	1947.82	2463.6	3118.81	3943.75	4961.59	6215.25	7743.76	9589.12	11817	14487.6	17642.1
38	43696.3	48197.3	52413.8	57175.6	62488.1	67962.3	73236.9	78529.1	83806.2	89238.7	94658.2	99940.8	105109	110258	115454	120684	125851
200	66108.7	71760.9	74366.3	77116.2	79464.5	81577.8	83490.4	85567.9	88035	90987.7	94090.9	97154	100064	102815	105462	108042	110540
44	21366.2	25007.7	26425	28810.9	31677.2	35005.8	38682.1	42603.9	46767.1	51358.7	56338.5	61538	66838.8	72187.6	77533.1	82795.9	87874.2
45	16514.2	21134.9	25580.8	29849.3	33570.9	37480.3	41639.1	45974.5	50804.7	56040.5	61179.1	66105.2	70992.5	75952	81003.9	86086.5	91139.5
35	5156.43	6308.74	7715.25	9453.21	11213	13113.1	15239.8	17644.9	20374.9	23451.2	26894.3	30753.9	35022.6	39655.6	44648.1	50011.9	55826.8
37	3725.98	4000.11	4520.44	5316.81	6257.44	7384.21	8736.88	10359.6	12312.9	14634.9	17335.1	20489.3	24113.6	28280.7	33001.9	38293.1	44179.4
56	1092.81	1263.76	1407.32	1623.88	1949.43	2385.42	2938.96	3626.68	4469.13	5491.43	6710.77	8152.11	9844.05	11822	14147	16860.7	20010.3
48	3793.45	3887.24	4229.07	4656.13	5174.58	5832.1	6660.62	7697.78	8971.62	10499.4	12291.4	14398.9	16851.6	19654.2	22810.7	26338.8	30287.4
46	12522.4	15217.8	16992.2	19583	22944	26888.7	31256.7	36005.5	41093.1	46557.1	52363.4	58449.7	64740	71198.8	77813.2	84545.7	91341.7
50	18231.6	22507.8	25125.7	28920.1	33179.1	37760.1	42480.6	47368.7	52460.6	57730.4	62969.6	68171.7	73275.1	78349.4	83395.3	88397.8	93307
52	6128.75	7385.69	9256.79	11802.9	15480	20219	25915.9	32455.9	39788.4	47950.8	56766	66191.7	76140.5	86646.7	97684.8	109293	121341
53	28547.3	33395.2	37593.7	41773.4	45699.3	49426.1	53022.3	56827.1	61039.4	65730.8	70660.1	75722.7	80925.7	86362.3	92125.1	98252.9	104743
54	36777.7	39126.1	42977.4	46801.1	50558.6	54073.3	57355.9	60788.3	64402.7	68385.8	72522.6	76547.5	80293.3	83754.1	87017.8	90148.3	93128.9
78	48022.3	51149.5	54225.1	57527.7	61338.8	65355.9	69278.2	73129.6	77006.6	81013.8	85008.4	88945.6	92738.8	96316	99639.2	102715	105577
58	4793.83	5693.03	7066.68	9127.4	11078.6	13061	15213.4	17586.7	20217.2	23084.8	26101.1	29280.7	32648	36212.2	40056.3	44198.6	48631.1
57	51436.4	57792.6	61142	64463.6	67936.2	71709.8	75510.4	79298.6	83070	86930.4	90536.9	93840.3	96930.6	99812	102467	104847	106913
60	16860.9	21428.5	26137.5	31093.7	35915.2	40843.4	45936.9	51250.7	56815.1	62772	69012.9	75530.7	82266.9	89188	96368.4	103852	111732
3	10761.5	11625.2	11956.8	12668.7	13449	14453.6	15806.3	17639	20043.1	23072.7	26580.5	30535.3	34942.4	39908.9	45595.8	52113.5	59493.7
61	10417.1	11175.2	12168.8	13470.2	15077.2	17002.9	19265	21889.5	24922.2	28397.7	32241	36438.5	40939.9	45752.5	50880.3	56332.3	62083.2
62	12095.7	13866.2	17028.4	20872.7	25201.2	30065.8	35587.5	41873.1	48906.2	56657.1	64845.3	73510.6	82596.2	92147	102195	112908	124272
65	1738.39	1825.76	1993.52	2335.52	2868.23	3620.27	4599.6	5814.3	7272.71	9000.19	11036.1	13449.6	16231.2	19365.2	22862.7	26786.7	31212.2
229	1781.7	1924.7	1987.22	2195.55	2498.51	2901.9	3429.39	4124.32	5038.92	6233.87	7748.11	9645.32	12000.6	14893.1	18417.8	22679.6	27782.4
193	33691.3	39936.3	42572.6	46130.3	50144.8	54270.2	58379.8	62865.8	67733	72803.8	77609.1	82035.6	86035.5	89692.5	93202.3	96699.3	100152
66	33632.8	35591	43253.8	48782.6	53119.9	56293.1	58856.9	61308.8	64023.7	66854.5	69466.2	71738	73643.6	75246.9	76642.5	77878.5	78953.3
67	2316.68	2775.74	3462.46	4314.96	5305.34	6506.4	7942.29	9645.8	11650.1	14040.4	16817.7	20059.5	23752.5	27866	32413.5	37440.9	43013.3
71	44698.9	48005.3	51835.4	55114.5	58464.2	61835.4	65125	68793.1	72798.5	76998.5	81022.2	84814.8	88462.2	92085.3	95723.3	99282.2	102586
70	10990.5	14157.3	16345.1	18935.2	22069.6	25808.5	30198.3	35282.8	41076.8	47521.9	54619.4	62371.6	70733.9	79746.2	89330.6	99552	110357
72	41815.3	46425.6	49649.5	52405.9	55136.3	57943.1	60912.4	64107.5	67488.2	70977.3	74414.3	77808.1	81237.3	84778.9	88430.9	92124.2	95782.2
75	14054.2	14331.8	15283	17065.3	18840.2	20675.3	22657.1	24886.3	27463.7	30437.6	33732.9	37286.9	41049.2	45029.7	49289	53923	58962.7
219	39953.4	45775.8	49233.1	53156.7	57737.4	62792	67990.7	73495.6	79369.8	85506.4	91482	97161.9	102597	107912	113147	118205	122920
77	13794.2	20436.7	27826.1	36369.4	44028.6	50559.3	56218.8	61515.4	66769.6	71859.7	76371.3	80353.3	83994.8	87555.9	91206.6	94990.2	98931
79	5318.26	5648.89	6600.35	7743.56	8980.42	10384.5	12008.2	13936	16192.6	18821.1	21742.3	25010.7	28651.5	32684.3	37118	41958	47218.9
87	2631.37	3038.46	3600.55	4461.75	5556	6900.62	8508.66	10400.1	12614.4	15199.2	18146.7	21523.8	25304.9	29552.5	34249.2	39430.3	45110.9
76	2069.24	2421.78	2832.88	3444.65	4109.59	4875.2	5790.27	6885.81	8195.34	9728.6	11497.3	13528.8	15833.2	18407.1	21265.9	24420	27914.4
88	2115.78	2432.13	2808.22	3283.25	3847.79	4545.81	5416.41	6496.68	7816.94	9412.52	11310.4	13549	16145	19109.8	22483.2	26307.8	30647.4
64	15214.3	11733.6	10198	10871.4	11868.1	13170.2	14802.1	16798.7	19200.9	22002.8	25121.9	28605.9	32518.8	36816.2	41499.7	46570.8	52108.5
81	26018.2	32500.9	36522.4	39954.7	43720.5	47471.3	51144	54979.1	58930.7	62913.5	66668.3	70137.8	73326.1	76334.6	79255.6	82132.6	84933
86	8207.59	9487.9	10656.1	12124.6	13935.6	16122	18664.6	21573.8	24820.7	28377.5	32145.5	36170	40427	44896	49614.3	54593	59831.6
73	35395.2	49918.6	52234.1	54864.4	57914.1	61452.6	65500.7	70167.1	75483.5	81629.4	88430.7	95858.4	103630	111720	120244	129458	139415
89	18555.7	73722.7	150844	229755	305416	356434	369069	352692	324702	296693	273128	254406	239592	227981	218973	212093	206956
91	5068.19	6045.68	6813.9	7864.51	9278.81	11110.7	13408	16218.2	19591	23602.7	28297.9	33659.3	39607.1	46100.5	53158.2	60788.9	69008.8
51	26501.1	35610.1	41847.7	46858.9	50818.9	54073.6	56840.1	59347	61802	64326.4	66898.4	69533.5	72212.8	74997.2	77955.2	81165.4	84673
90	2978.16	2725.06	2865.26	3394.77	4130.28	5119.05	6432.5	8162.43	10411.6	13278.6	16761.8	20946	25890.7	31675.7	38400.5	46136.9	54909
93	30344.1	36185.2	41931.1	47081.3	51607.7	55603.5	59260.7	62690.9	66065.5	69503.8	72888.7	76092.4	79007.6	81617.4	83972.3	86116.2	88054.9
96	11669.4	14269.2	17148.1	19969.8	22945.9	25988.1	29061.8	32318.6	35746.5	39300.5	42974	46759.7	50626.5	54573.2	58578.1	62622.5	66682.9
95	6118.01	8199.96	10460.9	12798.6	15310.9	18049.7	21066.9	24391.3	28026.3	31972.5	36137.2	40557.4	45151	49888.1	54745.5	59726	64844.5
99	90204.5	114005	125159	135163	147075	161644	177457	192788	207564	221493	233448	243176	251041	257722	263808	269496	274594
97	14482.2	16250.7	17406.5	18918.4	20168.8	21355.1	22584.7	23959.7	25651.9	27684.7	29844.3	32089	34440.4	36920.8	39544.1	42319.9	45254.9
98	9356.22	9469.43	9900.9	11731.5	15782.5	20444.6	25287.6	30301.3	35559.5	41142	46961.7	52958.2	59043.9	65253.5	71698.2	78470.3	85639.1
94	49058.4	58243.9	64720.2	70992.3	77185.6	83014.4	88094.4	92576.1	96691.3	100627	104192	107345	110104	112490	114552	116276	117609
101	40097	46905	52348.7	57549.5	62719.6	67654.7	72039.2	76588.8	81446.9	86543.2	91584.2	96473.7	101182	105807	110460	115187	119966
102	35690.7	41675.2	44356	47652.4	51018.4	54466.8	57891.8	61465.6	65146.3	68929.2	72553.9	75871.6	78896.8	81744.7	84533.3	87303.8	90000.8
103	9227.12	10646.5	11398.4	12419.1	13883.8	15815.7	18244.7	21234.3	24865.9	29172.8	34143.1	39788	46052.6	52930.9	60393	68407	76956.2
105	9278.97	9598.09	10225.1	11118.6	12371.5	13983.2	16001.3	18417.6	21230.7	24359.1	27738.1	31342.8	35231.1	39439.6	43982.4	48828.9	53966.3
104	40727.7	44791	47803.1	51260	54648.9	58312.7	62261.7	66266.2	70265.9	74384	78606	82887.4	87158.6	91398.1	95596.2	99723.3	103714
106	25193.8	29412.5	32397.9	35875.4	38979.7	41560.3	43870.8	46466.4	49692.9	53627.4	58014.6	62655	67541.7	72825.9	78618.9	84970.9	91868.3
107	4544.28	5402.45	6393.99	7518.41	8785.34	10281.6	12037.9	14107.1	16498.9	19286.7	22447.7	26009.4	29945.7	34261.5	38983.8	44197.5	49962.9
110	4932.4	5726.09	6524.39	7497.81	8542.98	9669.33	10973.2	12532.1	14386.8	16555.9	18995.4	21683.6	24633.7	27889	31520.9	35529	39912.9
36	4302.58	5241.91	6780.57	8678.99	10918.4	13633.5	16911.1	20750.8	25390.3	30821.6	36863.2	43484.9	50656.1	58382.3	66674	75580.4	85127.9
168	41367.6	47196.2	52374.1	56609.6	60317.3	63827.4	67154	70563.4	74093.9	77807.9	81362.8	84628	87567.6	90207.1	92689.1	95098.6	97281.5
109	42861.5	47721	51548.2	56249	61185.5	65746	70490.7	75526.4	80903.5	86211.5	90875.2	95494.4	100101	104901	110155	116021	122541
111	7689.29	8450.92	9977.57	11882.1	13990.3	16426.9	19275.7	22561.3	26310.8	30571.5	35202.2	40238.1	45595.8	51313.8	57403.6	63899.5	70819.7
113	12928.2	11753	12588.9	13620.3	15005.1	16811.8	19050	21720.7	24770.9	28166	31819.1	35724.8	39887.9	44393.9	49254.6	54420.2	59895.5
115	1370.46	1572.95	1925.4	2297.37	2729.38	3265.19	3937.86	4773.47	5805.1	7055.51	8565.24	10378.2	12531	15035.8	17928.9	21241.4	25021.6
116	15794.2	22227.4	23980.2	24407	26589.6	30364.9	35579.3	42132.5	49759.1	58157.5	67030.3	76395.8	86383.3	97108.8	108662	120997	134093
194	13080.2	12304.4	14164.4	16242.1	18446.8	20857.7	23554.6	26626.5	30073.9	33871.6	37976.4	42422.9	47226.1	52391.3	57893.7	63712.3	69854.9
114	2375.84	2522.31	2710.97	3125.29	3613.79	4183.23	4859.58	5679.66	6678.23	7896.3	9335.53	11001.7	12900.3	15068.7	17551.1	20389.5	23618.4
118	34360.9	40644	48708.6	54320.6	58858.7	62654.3	65609.2	68318.2	71041.9	73768.7	76410.7	78738.5	80739.8	82515.7	84183.2	85797.5	87338.9
119	108051	116047	129086	135305	138481	139018	138574	138202	138343	139362	140651	141968	143198	144448	145871	147542	149398
112	27637.6	33107.6	38327.1	43043	47161.3	50564.5	53901.5	57176.5	60761.2	64671.4	68695	72663.9	76578.5	80515.9	84571.4	88797.5	93181.7
137	7703.07	8761.95	9950.02	11465.8	13208.8	15259.5	17726.3	20699.2	24267	28438.1	33109.9	38330.4	44187.6	50665	57829	65731.4	74437.7
169	10092.6	12363.1	16449.9	20953.5	25098.1	28778.1	32106	35351.4	38697.7	42189.7	45608.6	48859.5	51975	55086.7	58310.4	61704.2	65260.3
121	1454.05	1622.33	1840.98	2175.68	2594.72	3127.3	3802.64	4651.81	5708.23	7020.23	8616.49	10541.3	12801.3	15417.3	18431.9	21897.4	25877.8
132	17701.9	20284.9	22301	24690.1	27408.1	30493.1	33905.1	37554.7	41335.3	45275.7	49364.6	53533.7	57688.1	61786.4	65787.8	69631	73320.5
205	15644.1	18344.9	21676	24742.4	27885.9	31231.9	34801.9	38635.5	42708.4	47502.1	53203.5	59542.9	66287.7	73290.9	80517	87963.7	95691.5
125	2158.09	2280.42	2573.93	3089.07	3743.13	4571.66	5602.82	6851.3	8342.49	10091.3	12124.4	14479.4	17163.8	20236.5	23732.1	27721.9	32182.7
233	42841.5	56196.6	66477.9	76408.8	84333.1	90740.8	95727.6	100135	104566	108968	113645	118338	122988	127605	132358	137462	143025
139	4965.99	4345.34	4960.37	5795.82	6764.41	7896.53	9229.9	10814.6	12676.7	14852.5	17350.1	20128.7	23165.1	26475.1	30069.5	33987.9	38240.4
239	18032.7	23496.8	27447.1	31070.6	34047.6	36566.7	38847	41109.1	43444.7	45918.3	48464.8	51054.8	53717.3	56472.2	59395.6	62522.9	65875
135	11766.2	13347	15128	17287.5	19470.2	21732.7	24235.9	27204.6	30794.5	35009.7	39683.2	44725.7	50121.5	55877.2	62085.5	68812.2	76162.2
138	1251.81	1379.35	1983.14	2791.88	3677.09	4703.06	5917.84	7360.72	9080.13	11131.7	13536.3	16365.7	19634.7	23403.1	27671	32460.4	37785.1
129	5390.73	6140.06	6847.66	7948.05	9119.77	10455	12020.1	13848.9	15979.5	18437.2	21182.1	24293	27788.5	31631.2	35817.4	40352.7	45281.3
122	1511.24	1528.33	1694.62	1967.08	2403.14	2989.4	3730.5	4636.11	5725.13	7029.28	8569.84	10398.6	12540.5	15039.1	17901.9	21145.4	24790.8
123	26006	31398.8	36527.9	41304.5	45147.6	48439.4	51481.7	54469.9	57579.5	60889.7	64280.5	67759.9	71355.8	75111.8	79059.3	83213.6	87570.9
140	9122.41	9862.19	10475.8	11590.1	13077.3	14877.6	16964.4	19377.3	22164.3	25331	28858	32631.1	36632.3	40865.6	45403.3	50339.5	55681.2
145	21887.4	39788.9	48451.9	56602.8	64158.4	71195.3	77894.6	84421.5	90997.6	97698	104294	110756	117241	123885	130884	138313	146209
148	1237.5	1439.05	1655.27	2027.09	2454.28	2975.25	3619.51	4424.47	5426.81	6672.91	8200.25	10050.5	12264.9	14861.9	17915.3	21493.6	25715.2
149	4925.3	5105.15	5422.94	6140.88	6921.15	7822.37	8895.51	10194.3	11742.1	13558.3	15646.6	18017.7	20699.1	23744.7	27187.3	31098.9	35519.3
147	5266.57	6221.35	7016.52	8144.48	9666.29	11647	14148.9	17227.1	20952.1	25420.7	30611.7	36555.1	43172.5	50431.1	58362.7	66965.8	76241.6
143	51621.1	57666.2	62630.5	66662.2	70619.8	74560	78286.2	81845.5	85262.9	88565.8	91590.3	94338.5	96819.5	99060.8	101056	102769	104165
153	61258.3	66360.9	70921.7	75271.3	79653.3	84079.8	88407.8	92877.1	97509.6	102343	106901	111153	115197	119181	123154	126999	130552
142	3807.12	4446.79	5473.65	6766.44	8309.89	10154.9	12346.9	14942	18027.2	21679.4	25917.8	30781	36188.2	42125.3	48607.3	55642.2	63193.6
146	39011.4	43102.8	47427.4	51561.5	55434.4	59419.2	63446.4	67576.2	71904.5	76420.1	80823.4	85028.4	89049.7	92917.6	96631.9	100123	103288
155	32768.1	34677.9	37780.6	41531	45491.4	49436.5	53436.8	58005.2	63337.1	69527.8	76199	83271.1	90481.9	97788.1	105315	113270	121785
156	5095.69	5470.13	6316.54	7357.6	8714.06	10453.1	12582.6	15134.4	18135.4	21675.2	25724.6	30349	35528	41221.2	47423.9	54136	61393.8
158	26786.5	37037.8	42575.5	47902.7	52582.1	56987.2	61483.6	66106.1	70939.4	76013.2	81220.4	86736.1	92551.3	98739.3	105256	112151	119438
161	11503	13737.8	15308.4	17185.1	19390.9	21913.6	24777.7	27969.1	31515.6	35451.3	39752.8	44415.2	49411	54739	60382.7	66353.6	72672.2
162	7836.35	9797.79	12474.8	15369.2	18122.1	20866.4	23677.6	26616.1	29744.3	33050.4	36449	39955.6	43595.7	47454.3	51545.6	55870.8	60391.4
159	3287.62	3468.75	3753.6	4344.13	5158.86	6242.52	7651.99	9465.27	11747.7	14589.3	17975.6	21924.9	26445.6	31601.2	37450.7	44059.8	51445
164	31036.6	36599.9	43900.1	50053	55530.5	59713.4	63271.7	66506	69709.3	72954.6	76058.4	78888.8	81406.5	83716.6	85949.6	88173.7	90345.7
236	32401.1	34628.6	38240.7	41775.1	45074.1	48331.7	51445.8	54626.9	57831.5	61081.9	64267.2	67315	70256.6	73244.8	76388.9	79755.4	83375.9
55	1828.6	2227.81	2889.89	3806.37	5031.27	6589.9	8517.24	10875.5	13797.4	17426.8	21815.6	26866	32566.8	38919.8	46029.4	54026.4	62914.6
165	30507.3	36723.3	41064.1	45280.6	49698.4	54069.6	58470.2	62912.4	67316.7	71669.1	75717.9	79405.4	82689.5	85651.8	88392.4	90953	93307.3
160	13409.8	14749.5	16538.2	18596.7	20779.8	23213.5	25914.6	28983.5	32454.9	36355.9	40534.7	45019.6	49786.8	54867	60299.2	66058.4	72163.6
167	86871.3	90921.8	99585.8	102351	102305	101489	101456	102346	104784	108766	112928	117047	121404	126101	131054	136143	141325
170	25950.7	32073.5	37475.2	42609.4	47112.7	51003.5	54550.1	58096.9	61850.7	65864.8	69870.5	73817.8	77646.8	81395.3	85127.8	88912.3	92750.1
171	25198.4	27036	29461.8	32743	36099.5	39418.9	42711.4	46408	50774.5	55572.1	60704.6	66007.3	71487.9	77297.8	83607	90467	97806.3
173	2091.91	2718	3449.1	4237.2	5084.25	6052.97	7186.51	8535.6	10147.6	12071.9	14314.9	16942	19962	23365.9	27167.4	31408.3	36149.9
182	44161.7	49508.7	57370.3	63637.6	68770.8	72959.5	76535.4	79833	82831	85798.3	88679.2	91383.6	93991.5	96516.8	99023	101589	104196
195	4019.69	3045.31	3397.61	3745.39	4100.1	4495.2	4954.37	5515.69	6217.54	7091.28	8147.02	9418.07	10907.1	12644.9	14627.9	16876.9	19399.2
183	3430.49	4187.27	4910.43	5939.06	6966.58	8084.03	9366.38	10881.2	12675.3	14781.1	17157.4	19856.7	22907.7	26336.1	30152.8	34362.7	38986.2
234	91565	105409	116029	125172	130343	132698	132813	132611	132216	131977	131499	130575	129266	127700	126019	124313	122611
190	2181.58	2001.23	2112.66	2459.2	3059.09	3969.58	5288.72	7149.43	9715.77	13175.3	17733.2	23588.5	30960.6	39985.1	50816.7	63566.8	78439.8
186	1604.46	1764.44	2017.15	2398.21	2918.91	3583.95	4402.99	5395.47	6583.92	7994.19	9645.03	11565.1	13744.1	16182.8	18907.2	21957.9	25387.6
63	8311.97	9934.42	10904.7	12338.9	14232.6	16631.2	19576	23120.3	27296.6	32182.6	37769.4	44063.8	50886.5	58211.3	66079.8	74474.9	83355.5
191	1480.18	1484.44	1592.17	1853.65	2270.04	2859.51	3620.68	4564.17	5713.11	7086.59	8694.05	10560.8	12699.7	15145.7	17941.4	21161.6	24828.3
184	17074	21265.3	26232.8	31210.6	35873.7	40345.3	44673.8	48941.8	53262.1	57770	62415.1	67164.6	72050.1	77079.5	82345	87931.1	93920
240	505.277	578.471	707.063	834.767	975.748	1175.59	1460.2	1843.05	2324.95	2909.88	3620.87	4502.67	5588.25	6891.66	8413.45	10161.1	12175.6
196	15413.6	15640.8	17361	19383.2	21860.9	24743.2	27967.5	31486.1	35336.2	39455.5	43751.8	48244.2	52906	57726.8	62791.7	68100	73711.6
188	32311	36000.6	40212.8	44690.9	49299.1	53540.8	57697.7	61818.9	65937.4	70237	74670.2	78992.1	83058.8	86827.3	90359.6	93731.1	96968
189	34540.4	40603.6	46001	50348.9	53890.3	56689	59526.5	62435.7	65480.8	68477.1	71317.1	73914.1	76254	78403.5	80425.2	82327.1	84066.5
199	49613.8	54414	60618	65458	69437.3	72826.4	75793.9	78875.4	82285.5	86019.6	89682.3	93119.2	96396.7	99647.5	102938	106198	109282
198	8335.61	9748.61	10822	12337.9	14141.2	16258	18732.8	21612.5	24942.2	28667	32618.9	36818.9	41343.6	46249.6	51560.1	57279.5	63377.1
42	1519.61	1470.34	1533.17	1823.56	2180.57	2620.42	3166.1	3841.7	4672.03	5681.51	6893.81	8323.02	9997.49	11929.4	14181.1	16800.9	19838.6
207	2079.56	2430.89	2891.48	3493.25	4172.12	4977.21	5948.41	7118.59	8529.06	10206	12194.2	14512.8	17194.5	20236.4	23663.6	27505.6	31815.3
204	16885.9	19044.4	22046.2	25170.5	28309.3	31557.5	34999	38528.1	42200.1	46023.1	49841.6	53743.7	57698.4	61766.9	65980	70344.1	74890.6
203	3687.58	4611.07	5303.29	6142.69	7102.4	8195.31	9503.09	11075.4	12937.9	15074.6	17463.1	20100.9	23019	26232.2	29777.6	33644.2	37843.1
213	15245	15976.8	16648.6	17855.8	18834.7	19673.5	20619.4	21731.2	23186.6	24953.3	26850.3	28797.4	30912.3	33287.1	36011.4	39098.5	42529.2
206	2813.34	3001.02	3273.05	3780.47	4523.05	5557.48	6942.08	8741.95	11038.8	13935.7	17509.8	21834.8	26963.1	32927.5	39822.4	47708	56591.3
210	22883.5	24455.3	26203.2	28182.5	30536.6	33181.1	36287.6	39973.9	44354.1	49285.5	54595.8	60289.1	66444.9	73077.3	80204.5	87834.1	95944.5
211	10286.8	10833.8	11923.3	13357.1	15136.4	17214.3	19586.6	22360.2	25621.1	29380.1	33598.3	38153.2	42967.9	48050	53436.7	59157.6	65208.2
212	28343.2	35577.4	41675.5	47627.4	53005	58131.9	63078.6	68047.3	73066.8	77888.5	82287.8	86335.5	90097.8	93732.8	97357.8	101015	104702
202	52607.2	62023.6	70719.2	76915.9	79912.4	80997.4	80862.6	80307.4	79606.8	78937.1	78320.4	77808.5	77384.9	77099.2	77018	77195	77672.1
220	2647.95	2983.29	3663.06	4439.79	5229.95	6102	7104.84	8305.53	9748.43	11481.1	13520.5	15898.1	18666.7	21888.3	25633.1	29917.6	34742.2
216	2306.93	2653.75	3202.7	3845.26	4482.53	5182.31	5986.68	6943.69	8083.86	9454.15	11050.3	12927.4	15115.3	17666.6	20621	23988.8	27778.5
217	11754.5	11714.9	14400.9	17439.6	20716.8	24148	27798.6	31771	36127.2	40806.2	45713.4	50763.9	55967.9	61443.7	67287.7	73531.3	80209
223	22078.7	26302.9	29583.9	32728.1	35758.3	38840.9	42024	45375.6	48826.8	52391.3	55858	59252.5	62579.8	65932.6	69363.4	72884.8	76487.2
221	58710.1	65661.2	70444.8	74441.7	78041.7	81496.5	84877.4	88432.5	92070.9	95787.5	99409.7	103003	106697	110593	114707	118979	123335
224	7628.01	9370.58	11446.3	13729.7	15970.7	18120.8	20295.4	22687.8	25416.1	28467.1	31760.6	35246	38958.6	42984	47363	52089.2	57183.9
227	10499.2	13281.5	17945.3	23078.9	27829.4	32283.5	36532.1	40770.2	45053.8	49444.3	53908.6	58266.5	62481.2	66626.3	70804.7	75105.9	79588.4
225	2500.58	2477.06	2645.5	3164.49	3917.73	4966.15	6428.86	8465.28	11269.3	15078.6	20076.9	26499.6	34503.5	44256	55897.9	69570.1	85461.5
230	1790.38	1745.73	2082.54	2508.35	3105.3	3883.34	4851.9	6037.61	7463.77	9156.12	11123.8	13352.7	15819.9	18503	21413.4	24585.6	28068.5
192	12655.8	13367.9	13934.1	15444.2	17675.1	20514	23887.1	27790.6	32250.6	37254.8	42803.2	48889.3	55577.6	62873.3	70802.7	79353.3	88530.7
231	3230.2	3495.61	3976.45	4580.13	5230.32	5986.37	6892.61	7987.18	9298.55	10868.1	12710.3	14874.3	17387.5	20254.4	23487.3	27112.9	31174.4
232	1952.3	2294.09	2512.59	2850.62	3183.95	3539.95	3953.51	4446.5	5046.9	5777.16	6658.4	7711.96	8968.91	10465.3	12266	14419.1	16981.5
