0	1960	1961	1962	1963	1964	1965	1966	1967	1968	1969	1970	1971	1972	1973	1974	1975	1976	1977	1978	1979	1980	1981	1982	1983	1984	1985	1986	1987	1988	1989	1990	1991	1992	1993	1994	1995	1996	1997	1998	1999	2000	2001	2002	2003	2004	2005	2006	2007	2008	2009	2010
0	1	2	3	4	5	6	7	8	9	10	11	12	13	14	15	16	17	18	19	20	21	22	23	24	25	26	27	28	29	30	31	32	33	34	35	36	37	38	39	40	41	42	43	44	45	46	47	48	49	50	51
1	0	0	0	0	0	0	0	0	0	0	0	0	0	0	0	0	0	0	0	0	0	0	0	0	0	0	0	0	0	0	0	0	0	0	0	0	0	0	0	0	0	0	0	0	0	0	0	0	0	0	0
2	0	0	0	0	0	0	0	0	0	0	0	0	0	0	0	0	0	0	0	0	0	0	0	0	0	0	0	0	0	0	0.000687419	0.000557686	0.000692484	0.000701991	0.000698392	0.0007399	0.00083825	0.000701822	0.000726277	0.000785098	0.000785836	0.000888261	0.001002672	0.001061673	0.000852331	0.000981778	0.001023131	0.001189337	0.001310744	0.001271381	0.0013
3	0.000537846	0.000400823	0.000314846	0.00054724	0.000586718	0.00060436	0.000475373	0.000464586	0.000487046	0.000509514	0.000548029	0.000562621	0.000641211	0.000631031	0.000764824	0.000824724	0.000863415	0.000927514	0.000898227	0.00095353	0.001018585	0.001072325	0.001057513	0.001088997	0.001109997	0.001144466	0.001101744	0.001010444	0.000897516	0.000972257	0.000914704	0.000826743	0.000846169	0.00080626	0.000784938	0.000785939	0.000753862	0.000726086	0.000730541	0.00074148	0.000746638	0.000755685	0.000840798	0.000861504	0.000897936	0.000927048	0.000938803	0.000968217	0.000991854	0.000786268	0.00079
4	0	0	0	0	0	0	0	0	0	0	0	0	0	0	0	0	0	0	0	0	0	0	0	0	0	0	0	0	0	0	0	0	0	0	0	0	0	0	0	0	0	0	0	0	0	0	0	0	0	0	0
5	0	0	0	0	0	0	0	0	0	0	0	0	0	0	0	0	0	0	0	0	0	0	0	0	0	0	0	0	0	0	0	0	0	0	0	0	0	0	0	0	0	0	0	0	0	0	0	0	0	0	0
6	0	0	0	0	0	0	0	0	0	0	0	0	0	0	0	0	0	0	0	0	0	0	0	0	0	0	0	0	0	0	0	0	0	0	0	0	0	0	0	0	0	0	0	0	0	0	0	0	0	0	0
7	0	0	0	0	0	0	0	0	0	0	0	0	0	0	0	0	0	0	0	0	0	0	0	0	0	0	0	0	0	0	0	0	0	0	0	0	0	0	0	0	0	0	0	0	0	0	0	0	0	0	0
8	0	0	0	0	0	0	0	0	0	0	0	0	0	0	0	0	0	0	0	0	0	0	0	0	0	0	0	0	0	0	0	0	0	0	0	0	0	0	0	0	0	0	0	0	0	0	0	0	0	0	0
9	0	0	0	0	0	0	0	0	0	0	0	0	0	0	0	0	0	0.001192985	0.001167428	0.001078362	0.001523257	0.001514578	0.002016291	0.001968075	0.002000726	0.002308753	0.002509268	0.002524779	0.002319266	0.002358039	0.002341623	0.002269836	0.002186092	0.002253359	0.002470586	0.002682693	0.0031881	0.002763825	0.002694282	0.003017042	0.00295959	0.002815683	0.002701127	0	0	0	0	0	0	0	0
10	0	0	0	0	0	0	0	0	0	0	0	0	0	0	0	0	0	0	0	0	0	0	0	0	0	0	0	0	0	0	0	0	0	0.005045885	0.005281422	0.004984657	0.005193215	0.005588237	0.00571194	0.005532798	0.005436304	0.00507211	0.004302709	0.004611727	0.005003961	0.00539988	0.005763848	0.006219445	0.006561091	0.006526403	0.0065
11	0	0	0	0	0	0	0	0	0	0	0	0	0	0	0	0	0	0	0	0	0	0	0	0	0	0	0	0	0	0	0.000582526	0.000563245	0.000495404	0.000371197	0.000401495	0.000447187	0.000471764	0.000512184	0.000543805	0.000554729	0.000603626	0.0006517	0.000710824	0.00076216	0.00082926	0.000901065	0.000974724	0.001102361	0.001171545	0.0013	0.0013
12	0	0	0	0	0	0	0	0	0	0	0	0	0	0	0	0	0	0	0	0	0	0	0	0	0	0	0	0	0	0	0	0	0	0	0	0	0	0	0	0	0	0	0	0	0	0	0	0	0	0	0
13	0	0	0	0	0	0.006286019	0.00631844	0.006492071	0.006688837	0.00691415	0.007204244	0.007370464	0.007546624	0.007818086	0.008175041	0.00838328	0.008364574	0.008609856	0.008651709	0.008700512	0.008756686	0.008946521	0.009253347	0.009288215	0.009303738	0.009340523	0.009626116	0.009606074	0.009704997	0.009907994	0.010263935	0.010193339	0.010234332	0.01026725	0.0103765	0.010791028	0.011058125	0.011206647	0.011592865	0.012033991	0.012414075	0.012706305	0.012923807	0.013198786	0.013742526	0.014182635	0.014385932	0.014804137	0.015191227	0	0
14	0.004424412	0.004630684	0.004838563	0.005068584	0.005236601	0.005434327	0.005635101	0.005798486	0.005998526	0.006143036	0.006250959	0.006636542	0.007009621	0.007358039	0.007565691	0.007802402	0.00815416	0.008672672	0.008552994	0.008949428	0.009163046	0.009290569	0.009457922	0.009964694	0.009776254	0.009945447	0.010131556	0.010365982	0.010561768	0.010908846	0.011307579	0.01157686	0.011863643	0.011807522	0.011981308	0.012005766	0.012313176	0.012297626	0.012546232	0.012772054	0.013097664	0.013191561	0.013273047	0.01331587	0.013527456	0.013738964	0.013915605	0.013956182	0.01397131	0.014114502	0.014
15	0	0	0	0	0	0	0	0	0	0	0	0	0	0	0	0	0	0	0	0	0	0	0	0	0	0	0	0	0	0	0	0	0.00048855	0.000359148	0.000259065	0.000249118	0.000269853	0.000299228	0.000338143	0.000376621	0.000455176	0.000424445	0.000458152	0.000463076	0.000495387	0.00060761	0.000820645	0.000887093	0.001217417	0.001052476	0.0011
16	0	0	0	0	0	0	0	0	0	0	0	0	0	0	0	0	0	0	0	0	0	0	0	0	0	0	0	0	0	0	0	0	0	0	0	0	0	0.009365524	0.010277816	0.010680331	0.011022401	0.011244933	0.010928574	0.010515458	0.010280259	0	0	0	0	0	0
17	0	0	0	0	0	0	0	0	0	0	0	0	0	0	0	0	0	0	0	0	0	0	0	0	0	0	0	0	0	0	0	0	0	0	0	0	0	0	0	0	0.005776647	0	0	0	0	0	0	0	0	0	0
18	0.000357101	0.00038021	0.000364979	0.000373973	0.000403799	0.000396223	0.000393106	0.00038155	0.000383369	0.000388739	0.000411853	0.000387036	0.00035363	0.00029603	0.000274249	0.000254666	0.000247512	0.000210832	0.000237468	0.000238405	0.00024152	0.000238685	0.000225054	0.000224962	0.000235033	0.000232234	0.00023311	0.000233869	0.00023739	0.000234199	0.000246618	0.000240637	0.000244983	0.00024822	0.000252213	0.000256545	0.000251344	0.000257562	0.000255434	0.000253926	0.000259606	0.000267131	0.000275349	0.000280275	0.000284502	0.000290894	0.000298869	0.000311818	0.000324331	0.000338905	0.00034
19	0	0	0	0	0	0	0	0	0	0	0	0	0	0	0	0	0	0	0	0	0	0	0	0	0	0	0	0	0	0	0	0.005408952	0.005138066	0.005125768	0.005014387	0.004744176	0.005037213	0.005761101	0.005849552	0.00644454	0.006800553	0.006010838	0.006698055	0	0	0	0	0	0	0	0
20	0	0	0	0	0	0	0	0	0	0	0	0	0	0	0	0	0	0	0	0	0	0	0	0	0	0	0	0	0	0	0.000709697	0.000663869	0.000626697	0.000595913	0.000513041	0.000454105	0.000479727	0.000533954	0.000607465	0.000665977	0.000721005	0.00084991	0.000948284	0.001021318	0.001122612	0.00126545	0.001433002	0.001632223	0.001907675	0.001923976	0.0019
21	0.004434979	0.00447719	0.004621502	0.004795396	0.004890585	0.005071418	0.005180938	0.005306159	0.005568407	0.005846097	0.006050068	0.006325985	0.006677968	0.007200114	0.007380924	0.007425514	0.00778926	0.00798306	0.008172872	0.00858853	0.008515803	0.008553078	0.008767606	0.008759625	0.008793835	0.009027524	0.009261172	0.009402468	0.009690207	0.009982259	0.010269253	0.010546468	0.010713493	0.010631445	0.010854188	0.010996123	0.011186773	0.011383847	0.011660029	0.011866823	0.012147139	0.012278487	0.012293353	0.012320686	0.012453582	0.012518147	0.012673542	0.012826661	0.012945687	0.012846113	0.013
22	0	0	0	0	0	0	0	0	0	0	0	0	0	0	0	0	0	0	0	0	0.002571455	0.001972188	0.00212882	0.001901794	0.001607107	0.001507689	0.001328447	0.001629709	0.00193347	0.002063529	0.002026367	0.002311668	0.002333499	0.002345517	0.002125272	0.002141716	0.002131543	0.002122196	0.002205345	0.002331761	0.002451041	0.002580435	0.00268914	0.002711819	0.002647665	0.00254622	0.002427679	0.002461817	0.002371313	0.0025	0.0025
23	0.000265323	0.00026547	0.000257992	0.000274699	0.000293726	0.000308913	0.000333649	0.000334711	0.000338965	0.000332402	0.000330043	0.000325611	0.000330515	0.000335072	0.000328764	0.00031419	0.000305814	0.000333961	0.00033386	0.000341705	0.000350229	0.000371335	0.000318552	0.00030408	0.000319224	0.000344743	0.000329477	0.000313335	0.000339025	0.00030473	0.000306449	0.000306294	0.000309318	0.00030385	0.00029797	0.000307034	0.000317817	0.000328278	0.000280109	0.000286724	0.000279157	0.000281214	0.000289685	0.000275962	0.000277424	0.000263853	0	0	0	0	0
24	0	0	0	0	0	0	0	0	0	0	0	0	0	0	0	0	0	0	0	0	0	0	0	0	0	0	0	0	0	0	0	0	0	0	0	0	0	0	0	0	0	0	0	0	0	0	0	0	0	0	0
25	0	0	0	0	0	0	0	0	0	0	0	0	0	0	0	0	0	0	0	0	0	0	0	0	0	0	0	0	0	0	0	0	0	0	0	0	0	0	0	0	0	0	0	0	0	0	0	0	0	0	0
26	0	0	0	0	0	0	0	0	0	0	0.000713178	0.000720949	0.000710497	0.000750586	0.000755603	0.000767706	0.000807901	0.000829365	0.00078716	0.000775626	0.000772249	0.000758522	0.000712615	0.00066564	0.000651463	0.000662916	0.000680848	0.000686683	0.000677498	0.000674184	0.000681208	0.000687766	0.000695818	0.000702423	0.000706621	0.000711288	0.000718608	0.000741585	0.000764333	0.000769337	0.000771045	0.00076507	0.000765126	0.000764208	0.000771281	0.000833328	0.000849467	0.000817242	0.000846968	0.000863054	0.00086
27	0	0	0	0	0	0	0	0	0	0	0	0	0	0	0	0	0	0	0	0	0	0	0	0	0	0	0	0	0	0	0	0	0	0	0	0	0	0	0	0	0	0	0	0	0	0	0	0	0	0	0
28	0	0	0	0	0	0	0	0	0	0	0	0	0	0	0	0.00047967	0.000511293	0.00053548	0.00058101	0.000629428	0.000619079	0.000586672	0.000540217	0.000488115	0.000507224	0.000576152	0.000597031	0.000579969	0.000613041	0.000744557	0.000884759	0.000945057	0.000906795	0.000861384	0.000858561	0.000841375	0.000834792	0.000904494	0.000944483	0.001017503	0.001092288	0.001129018	0.001210023	0.001228688	0.001385615	0.001413594	0.001450132	0.001550937	0.001632881	0.001721415	0.0017
29	0.000890875	0.000944485	0.000974797	0.000939382	0.000943242	0.000926238	0.000939431	0.000995247	0.00108375	0.001012465	0.001169063	0.001289059	0.001403738	0.001496369	0.001636984	0.00151446	0.001737851	0.00189248	0.001883579	0.00203356	0.002163775	0.002064429	0.002082516	0.002140142	0.002291737	0.002215764	0.002189628	0.002062891	0.002051396	0.001936467	0.001958896	0.002040911	0.001995909	0.002054732	0.002174494	0.002326534	0.00236579	0.00240111	0.002348388	0.00232272	0.002381727	0.002442927	0.002425763	0.00243964	0.002390033	0.002451807	0.002533031	0.002720766	0.002904085	0.0029767	0.003
30	0	0	0	0	0	0	0	0	0	0	0	0	0	0	0	0	0	0	0	0	0	0	0	0	0	0	0	0	0	0	0	0	0	0	0	0	0	0	0	0	0	0	0	0	0	0	0	0	0	0	0
31	0	0	0	0	0	0	0	0	0	0	0	0	0	0	0	0	0	0	0	0	0	0	0	0	0	0	0	0	0	0.004481133	0.004565911	0.004364394	0.005193205	0.005920759	0.005313386	0.004928092	0.005347826	0.005888448	0.00518199	0.004915879	0.004468515	0.004555054	0.004490794	0.005094555	0.005604779	0.005463082	0.005556244	0.00555837	0.0057	0.0058	0.0058
32	0	0	0	0	0	0	0	0	0	0	0	0	0	0	0	0	0	0	0	0	0.000997213	0.001039204	0.001090817	0.001113095	0.001168363	0.001166296	0.001189	0.001258839	0.001345278	0.001299908	0.001382936	0.001045512	0.00103124	0.001013137	0.000980082	0.000962291	0.000983909	0.000889359	0.000926088	0.001019228	0.001101777	0.001197384	0.001248935	0.001342752	0.001455224	0.00156332	0.001708637	0.001874548	0.001950815	0.001895414	0.0019
33	0	0	0	0	0	0.000129527	0.000128913	0.000144082	0.00014408	0.000144732	0.000133692	0.000133838	0.000125661	0.000122203	0.000127116	0.000132715	0.000138733	0.000151228	0.000146914	0.000147442	0.000154883	0.000157766	0.0001569	0.000153997	0.00014081	0.000143739	0.000159888	0.000147662	0.000151776	0.000144946	0.00013681	0.000140085	0.000137212	0.000142325	0.000110706	0.000125923	0.000144955	0.000144453	0.000159054	0.000180637	0.000175597	0.000177052	0.000164711	0.000173204	0.000183491	0.0001766	0.000187616	0	0	0	0
34	0	0	0	0	0	0	0	0	0	0	0	0	0	0	0	0	0	0	0	0	0	0	0	0	0	0	0	0	0	0	0	0	0	0	0	0	0	0	0	0	9.69e-05	0	0	0	0	0	0	0	0	0	0
36	0	0	0	0	0	0	0	0	0	0	0	0	0	0	0	0	0	0	0	0	0	0	0	0	0	0	0	0	0	0	0	0	0	0.000206861	0.00021055	0.000215771	0.000230029	0.000220405	0.000237773	0.000247056	0.00025432	0.000255394	0.000272794	0.00028969	0.000319854	0.000353203	0.000371747	0.000379759	0.000421151	0.000407506	0.00041
37	0.000410628	0.000407431	0.00041107	0.000413322	0.000415213	0.000403335	0.000404591	0.000341683	0.000369837	0.000366879	0.000362209	0.000385561	0.000369713	0.000357871	0.000380696	0.000433148	0.000390268	0.000453546	0.000489023	0.000510209	0.000424676	0.000489075	0.000541678	0.000522349	0.000510414	0.000524253	0.000631107	0.000640045	0.000547461	0.000460254	0.000437265	0.000414456	0.000363081	0.00037517	0.000379036	0.00038843	0.000389691	0.000411411	0.000406471	0.000404094	0.000445986	0.000451372	0.000459758	0.000476091	0.000480041	0.000483786	0.000490519	0.000526504	0.00054	0.00055	0.00055
38	0.005867441	0.00581678	0.006006978	0.006163572	0.006398678	0.006662313	0.006854384	0.006954672	0.007107211	0.007303749	0.007255962	0.007615383	0.008038319	0.008479617	0.008799783	0.009027582	0.009379529	0.009529145	0.009698569	0.009808211	0.009867068	0.00984582	0.009502718	0.009655597	0.009958534	0.010330153	0.01057766	0.010866438	0.011170589	0.01139112	0.011367898	0.011048583	0.011086423	0.011159403	0.011378368	0.011495934	0.011681066	0.01211311	0.012336806	0.012691089	0.013078131	0.013241969	0.013580308	0.013842143	0.014145632	0.014512692	0.014965735	0.015495564	0.015800423	0.015735148	0.016
39	0	0	0	0	0	0	0	0	0	0	0	0	0	0	0	0	0	0	0	0	0	0	0	0	0	0	0.000673492	0.000652611	0.000765374	0.000834506	0.000791811	0.000737268	0.000738658	0.000701334	0.000734368	0.000760893	0.000903439	0.000948756	0.001087985	0.001134723	0.001113588	0.001273161	0.001309985	0.001300865	0.001417992	0.001394587	0.001457612	0.001531511	0.00159623	0.001665651	0.0017
40	0	0	0	0	0	0	0	0	0	0	0	0	0	0	0	0	0	0	0	0	0	0	0	0	0	0	0	0	0	0	0	0	0	0	0	0	0	0	0	0	0	0	0	0	0	0	0	0	0	0	0
41	0	0	0	0	0	0	0	0	0	0	0	0	0	0	0	0	0	0	0	0	0	0	0	0	0	0	0	0	0	0	0	0	0	0	0	0	0	0	0	0	0.000207059	0.000206882	0.00019618	0.000189928	0.000183957	0.000178222	0.000181173	0.00018	0.00018	0.00018	0.00018
42	0	0	0	0	0	0	0	0	0	0	0	0	0	0	0	0	0	0	0	0	0	0	0	0	0	0.000208122	0.000185196	0.000159896	0.000187703	0.000175558	0.000172124	0.000180622	0.000186072	0.000140678	0.000163859	0.000156164	0.000141095	0.000149291	0.000158678	0.000160562	0.000143091	0.000154952	0.000247262	0.00015291	0.00018715	0.000151629	0.000147404	0.00015	0.00015	0.00015	0.00015
44	0.00113342	0.001248588	0.001114219	0.001112308	0.001287425	0.001285661	0.001720282	0.001609373	0.001642013	0.001725662	0.001701966	0.001878617	0.001920205	0.001736019	0.001794278	0.00116443	0.001244902	0.001438644	0.001560047	0.001761893	0.00176756	0.001974223	0.00159475	0.001470707	0.001521399	0.001481718	0.001531821	0.00161523	0.001699677	0.001839981	0.00184733	0.001975066	0.002206596	0.002327878	0.002474672	0.002673449	0.00286353	0.003009265	0.003108157	0.003039747	0.003113304	0.003164768	0.003202862	0.003301648	0.003502121	0.003721019	0.003943458	0.004176333	0.004324714	0.004320012	0.0043
45	6.43e-05	5.37e-05	5.29e-05	5.39e-05	5.9e-05	6.81e-05	7.05e-05	7.24e-05	7e-05	7.21e-05	7.52e-05	7.64e-05	7.86e-05	8.23e-05	8.23e-05	8.4e-05	8.56e-05	8.66e-05	9.02e-05	9.57e-05	0.000104087	0.000111272	0.000119032	0.000131343	0.000146995	0.000171943	0.000178008	0.000192291	0.000209355	0.000208131	0.000208787	0.000219001	0.000249088	0.000275668	0.000289542	0.000320072	0.00034881	0.000361718	0.000380824	0.00040959	0.000437197	0.000459009	0.000485683	0.00051371	0.000548026	0.000578189	0.000625298	0.000686357	0.000738896	0.000803388	8e-04
46	0.000870427	0.000902816	0.000944399	0.000961254	0.001025029	0.000974196	0.001044773	0.001016206	0.001055036	0.001107303	0.001164102	0.001210337	0.00127164	0.001309817	0.001328588	0.001336981	0.001397551	0.00142094	0.00150473	0.001533821	0.001565735	0.001575612	0.001564052	0.001537061	0.001547102	0.001542986	0.001559924	0.001589291	0.001611843	0.001631043	0.001641496	0.001644695	0.001659154	0.001824075	0.001790562	0.001847056	0.001833512	0.001843626	0.001796249	0.001668725	0.001731423	0.0017296	0.001735754	0.001759126	0.001798966	0.001839512	0.001932389	0.002042198	0.00207308	0.002065714	0.0021
47	0	0	0	0	0	0	0	0	0	0	0	0	0	0	0	0	0	0	0	0	0	0	0	0	0	0	0	0	0	0	0	0	0	0	0	0	0	0	0	0	0.000356303	0	0	0	0	0	0	0	0	0	0
48	0	0	0	0	0	0	0	0	0	0	0	0	0	0	0	0	0	0	0	0	0	0	0	0	0	0	0	0	0	0	0	0	0	0	0	0	0	0	0	0	0.000308905	0	0	0	0	0	0	0	0	0	0
49	0	0	0	0	0	0	0	0	0	0	0	0	0	0	0	0	0	0	0	0	0	0	0	0	0	0	0	0	0	0	0	0	0	0	0	0	0	0	0	0	0	0	0	0	0	0	0	0	0	0	0
50	0.001365788	0.001257539	0.001282044	0.001334645	0.001376421	0.001500802	0.00155098	0.001565454	0.00162341	0.001692347	0.001768724	0.001836475	0.001797284	0.001933985	0.001975504	0.001879668	0.001923089	0.002213719	0.002214861	0.002128719	0.002281517	0.001899757	0.001722607	0.001910981	0.00199613	0.002018662	0.002083914	0.002099004	0.002108645	0.002147095	0.002166365	0.002174748	0.00232082	0.002492258	0.002599319	0.002618687	0.002616346	0.002682546	0.002757752	0.00275054	0.002716047	0.002689204	0.002715619	0.002749535	0.00278368	0.002858311	0.002976099	0.003151647	0.00321438	0.003276282	0.0033
35	0.000431807	0.000429283	0.000435568	0.000466139	0.000513446	0.000463148	0.000495429	0.0005117	0.00052776	0.00058685	0.000634473	0.00059384	0.000589473	0.000607117	0.000589751	0.000619502	0.000669246	0.000697345	0.000730012	0.000711338	0.000556628	0.000541178	0.000500813	0.000474399	0.000472588	0.000473048	0.000480049	0.00046974	0.000453811	0.000436557	0.000403543	0.000412359	0.000401384	0.000383888	0.000394969	0.000392294	0.000412047	0.000422805	0.000451694	0.00043785	0.000414139	0	0	0	0	0	0	0	0	0	0
51	0	0	0	0	0	0	0	0	0	0	0	0	0	0	0	0	0	0	0	0	0	0	0	0	0	0	0	0	0	0	0	0	0	0	0	0.002524181	0.002582704	0.002908577	0.002908149	0.002835931	0.002948937	0.003086832	0.003347373	0.003484209	0.003628972	0.003776846	0.003905258	0.004164691	0.004204083	0.003852252	0.0039
52	0	0	0	0	0	0	0	0	0	0	0.000809726	0.000863786	0.000889879	0.000905431	0.000900953	0.000973105	0.001013937	0.001092415	0.001156206	0.001162393	0.001095315	0.001302151	0.001420622	0.001495058	0.001611254	0.001578872	0.001580774	0.001595228	0.001614421	0.001623153	0.001502706	0.001337985	0.001091643	0.000963017	0.001012173	0.001022557	0.001514651	0.001544016	0.001572299	0.001648397	0.001679691	0.001740977	0.00177513	0.0018835	0.001910329	0.00191594	0.002269893	0.002306362	0.002448107	0.0025	0.0026
53	0	0	0	0	0	0	0	0	0	0	0	0	0	0	0	0.001760561	0.002056809	0.002436306	0.002706679	0.00286086	0.003007982	0.003034024	0.003344621	0.00354123	0.003652649	0.00382248	0.003848146	0.00401963	0.004401735	0.004659535	0.005019623	0.005446877	0.005541547	0.005206495	0.005478351	0.006711215	0.00684245	0.006886332	0.007186811	0.007291203	0.007676349	0.007906363	0.007898018	0.007970589	0.008375867	0.008615188	0.008908119	0.009536995	0.010100321	0.0097	0.0097
54	0	0	0	0	0	0	0	0	0	0	0	0	0	0	0	0	0	0	0	0	0	0	0	0	0	0	0	0	0	0	0.002580125	0.002026136	0.002203325	0.002229215	0.002383295	0.002524294	0.002740378	0.002805804	0.002789105	0.002870138	0.002912298	0.002980472	0.003050589	0.003236291	0.003331372	0.003410292	0.003574609	0.003735117	0.003850174	0.003824003	0.0038
55	0	0	0	0	0	0	0	0	0	0	0	0	0	0	0	0	0	0	0	0	0	0	0	0	0	0	0	0	0	0	0	0	0	0	0	0	0	0	0	0	0	0	0	0	0	0	0	0	0	0	0
56	0	0	0	0	0	0	0	0	0	0	0	0	0	0	0	0	0	0	0	0	0	0	0	0	0	0	0	0	0	0	0	0	0	9.51e-05	9.56e-05	9.4e-05	8.77e-05	8.06e-05	8.36e-05	7.71e-05	7.46e-05	7.44e-05	8.46e-05	0	0	0	0	0	0	0	0
57	0.006569723	0.007001955	0.00735964	0.007304631	0.007816371	0.00802293	0.008303361	0.008482982	0.008585111	0.009063286	0.009404152	0.009390848	0.009310141	0.009986539	0.009630701	0.009922429	0.010656256	0.010805599	0.010970681	0.011096195	0.01070144	0.010510811	0.010660347	0.010889245	0.011330896	0.011828096	0.0127406	0.012476127	0.012249383	0.01223182	0.012302143	0.012479362	0.012769548	0.012658178	0.013408704	0.013573183	0.013818244	0.014176512	0.014437541	0.014323466	0.014299413	0.014260954	0.014435281	0.01453458	0.015172922	0.015702097	0.016214588	0.016658103	0.016523494	0.015786988	0.016
58	0	0	0	0	0	0	0	0	0	0	0	0	0	0	0	0	0	0	0	0	0	0	0	0	0	0	0	0	0	0	0	0	0	0	0	0	0	0	0	0	0.000580493	0	0	0	0	0	0	0	0	0	0
59	0	0	0	0	0	0	0	0	0	0	0	0	0	0	0	0	0	0.001343449	0.001475121	0.001417963	0.001580826	0.001619981	0.001452944	0.001381623	0.001554408	0.001616658	0.001520471	0.00169725	0.001826898	0.001991071	0.001974295	0.002037344	0.00200633	0.002073509	0.002151108	0.002033377	0.002113623	0.001940399	0.00211248	0.002291662	0.002538234	0.002578949	0.002720738	0.002724955	0.002626329	0.002840266	0.003001308	0.0031	0.0032	0.0033	0.0033
60	0.000683341	0.000663452	0.000779638	0.000824649	0.00086116	0.000709851	0.000820096	0.000827996	0.000813451	0.000846688	0.000967697	0.000984652	0.001000424	0.001076731	0.001121604	0.001164315	0.001196904	0.001235049	0.001204405	0.00114909	0.00134817	0.001317836	0.001343245	0.001348843	0.001350317	0.001298039	0.001324198	0.001452714	0.001530891	0.001577728	0.001405284	0.001417102	0.001579568	0.001626925	0.001609776	0.001686159	0.00173075	0.001862335	0.001959828	0.002050715	0.002113812	0.002148337	0.002232553	0.002097734	0.00212937	0.002426669	0.002678568	0.002875391	0.003057067	0.003173337	0.0032
61	0.00054072	0.000538979	0.000555764	0.00055984	0.000599294	0.000603273	0.000597038	0.00062361	0.000637641	0.000647435	0.000661885	0.000684809	0.000679588	0.000702582	0.000756407	0.000809255	0.000838166	0.000859858	0.000867481	0.000889088	0.000929965	0.000941749	0.000926284	0.000841973	0.000845135	0.000856837	0.000838348	0.000830621	0.000819041	0.000812672	0.000815685	0.000821171	0.000822538	0.000824898	0.000838998	0.000838586	0.000835651	0.000856971	0.000882478	0.000809118	0.000828859	0.000873647	0.000920168	0.000956543	0.000989419	0.001050748	0.001096728	0.001150647	0.001172067	0.001186406	0.0012
62	0	0	0	0	0	0	0	0	0	0	0	0	0	0	0.00054571	0.000532344	0.000540872	0.000609705	0.000619437	0.000699549	0.000759402	0.000756082	0.000755092	0.000766149	0.000806344	0.000831639	0.000814016	0.000838431	0.000855215	0.000870963	0.000899839	0.000920951	0.000928812	0.000937992	0.000959342	0.000972669	0.000993043	0.00101527	0.00101863	0.001045916	0.001079286	0.001101163	0.001103657	0.001108008	0.001110006	0.001141949	0.001193056	0.001252578	0.001300535	0.001344913	0.0013
63	0.001124932	0.001069775	0.001148898	0.001187481	0.001250196	0.001306425	0.001375262	0.001398223	0.001367381	0.001349917	0.00139233	0.001397602	0.001421305	0.001484363	0.001477109	0.001452552	0.001579163	0.001741996	0.001729426	0.001527108	0.001334004	0.001170868	0.001047944	0.00104684	0.001062627	0.001070877	0.001050188	0.001042177	0.001043332	0.001049493	0.00131529	0.001335435	0.001424004	0.00152001	0.001617765	0.001746894	0.001755386	0.00179314	0.001822945	0.001879236	0.001942637	0.001994244	0.002018399	0.002052713	0.002107636	0.002190266	0.002286597	0.002493221	0.002576741	0.002313952	0.0023
64	0	0	0	0	0	0	0	0	0	0	0	0	0	0	0	0	0	0	0	0	0	0	0	0	0	0	0	0	0	0	0	0	0	0	0	0	0	0	0	0	0.000555578	0	0	0	0	0	0	0	0	0	0
65	0	0	0	0	0	0	0	0	0	0	0	0	0	0	0	0	0	0	0	0	0	0	0	0	0	0	0	0	0	0	0	0	0.000285984	0.000258112	0.000316039	0.00027997	0.000302428	0.00034797	0.000254469	0.000187361	0.000137002	0.000171532	0.000192316	0.000174945	0.000120878	0.000134	0.000133818	0.000153533	0.00016	0.00017	0.00017
66	0	0	0	0	0	0	0	0	0	0	0	0	0	0	0	0	0	0	0	0	0	0	0	0	0	0	0	0	0.00199244	0.002044945	0.002091478	0.002092735	0.001569961	0.00145513	0.001498516	0.001555454	0.001792111	0.002003459	0.002099683	0.002129675	0.002297301	0.002480848	0.002770548	0.003048316	0.003258937	0.00361596	0.004163121	0.004543568	0.004322635	0.003527271	0.0035
67	0	0	0	0	0	0	0	0	0	0	0	0	0	0	0	0	0	0	0	0	0	0.000121793	0.000115921	0.00012064	0.000106228	0.000110963	9.79e-05	0.000113335	9.86e-05	0.000100912	9.85e-05	9.37e-05	8.22e-05	9.09e-05	8.91e-05	8.88e-05	9.92e-05	0.000110976	9.55e-05	9.18e-05	9.13e-05	9.87e-05	0.000106481	0.000103777	0.000109011	0.000126345	0.000134797	0.000146352	0.000169868	0.000181033	0.00018
69	0	0	0	0	0	0	0	0	0	0	0	0	0	0	0	0	0	0	0	0	0	0	0	0	0	0	0	0	0	0	0	0	0	0	0	0	0	0	0	0	0	0	0	0	0	0	0	0	0	0	0
68	0	0	0	0	0	0	0	0	0	0	0	0	0	0	0	0	0	0	0	0	0	0	0	0	0	0	0	0	0	0	0	0	0	0	0	0	0	0	0	0	0	0	0	0	0	0	0	0	0	0	0
70	0	0	0	0	0	0	0	0	0	0	0	0	0	0	0	0	0	0	0	0	0	0	0	0	0	0	0	0	0	0	0	0	0	0	0	0	0	0	0	0	0.001196396	0	0	0	0	0	0	0	0	0	0
71	0.003754492	0.004010916	0.00422271	0.004381867	0.004599857	0.004837423	0.004947403	0.005043701	0.005041649	0.005574668	0.005969453	0.006052813	0.006526353	0.006875513	0.006962574	0.007149698	0.00724584	0.007167148	0.007314633	0.007738518	0.007917561	0.008001196	0.008348038	0.008574128	0.008806003	0.009084433	0.009371885	0.009789412	0.010344126	0.010874378	0.010710447	0.010265693	0.009826824	0.009431442	0.009610842	0.010003779	0.010347269	0.010657821	0.011123929	0.011405448	0.011633829	0.011951536	0.012216466	0.012762235	0.01315911	0.013516896	0.01402947	0.014448691	0.014638229	0.01432185	0.014
72	0.004441092	0.00464421	0.004903686	0.005169201	0.005389161	0.00554039	0.005751105	0.005993722	0.006186277	0.006512996	0.006766717	0.007073483	0.007368207	0.00773982	0.007940021	0.008011743	0.008398051	0.008574972	0.008858688	0.009069173	0.009149988	0.009290232	0.00953521	0.009556773	0.009566494	0.009699455	0.009987341	0.010251303	0.010512369	0.010778526	0.010993596	0.011007104	0.011063144	0.010960017	0.011072798	0.011220547	0.011363885	0.011373673	0.011776859	0.012138467	0.012516688	0.012765542	0.012984438	0.01315933	0.013399301	0.013657045	0.013899155	0.014177188	0.014180798	0.014200588	0.014
73	0	0	0	0	0	0	0	0	0	0	0	0	0	0	0	0	0	0	0	0	0	0	0	0	0	0	0	0	0	0	0	0	0	0	0	0	0	0	0	0	0	0	0	0	0	0	0	0	0	0	0
74	0	0	0	0	0	0	0	0	0	0	0	0	0	0	0	0	0	0	0	0	0	0	0	0	0	0	0	0	0	0	0	0	0	0	0	0	0	0	0	0	0	0	0	0	0	0	0	0	0	0	0
75	0.000550205	0.000592189	0.000655654	0.000851158	0.000894194	0.001026197	0.000907806	0.001136574	0.001143253	0.00117653	0.001219561	0.001292206	0.001360503	0.001542791	0.001266946	0.001290016	0.001458104	0.001576775	0.002116595	0.001862786	0.001832754	0.001962432	0.00170446	0.002028612	0.001801009	0.001645897	0.001981926	0.00161333	0.001376603	0.001807213	0.001696999	0.001611261	0.001523122	0.001463194	0.001267865	0.001251418	0.001101213	0.001064214	0.001255314	0.001295542	0.001322026	0.001288788	0.001510237	0.001474449	0.001289759	0.00143477	0.001590308	0.001663045	0.001675347	0.00153583	0.0015
76	0	0	0	0	0	0	0.000378493	0.000367479	0.000386756	0.000387363	0.000388607	0.000348574	0.000350853	0.00037788	0.000366808	0.000362665	0.000331101	0.000364389	0.00042715	0.000488012	0.000472204	0.00039742	0.000324148	0.000249935	0.000203033	0.000200188	0.000232018	0.000217912	0.00022137	0.000238219	0.000238824	0.000238129	0.000249242	0.000266696	0.000253347	0.000262085	0.000232081	0.000237632	0.000241605	0.000234678	0.000251386	0.000270565	0.000275455	0.000234272	0.00025095	0.00026	0.00027	0.00028	0.00029	3e-04	3e-04
77	0	0	0	0	0	0	0	0	0	0	0	0	0	0	0	0	0	0	0	0	0	0	0	0	0	0	0	0	0	0	0	0	0	0	0	0	0	0	0	0	0.000583257	0	0	0	0	0	0	0	0	0	0
78	0	0	0	0	0	0	0	0	0	0	0.006731824	0.007078534	0.007443883	0.007641659	0.007612352	0.007894796	0.008237616	0.008596611	0.008911859	0.009212803	0.009364365	0.009340867	0.009269461	0.009427513	0.009624867	0.009803166	0.010162367	0.01048987	0.010716238	0.010982908	0.011380258	0.011805027	0.012120611	0.01214595	0.012323672	0.012541701	0.012674261	0.012761565	0.012940113	0.01332107	0.013629397	0.013871626	0.013748994	0.013753342	0.013754867	0.013797208	0.013987768	0.013959846	0.014072933	0.014057398	0.014
79	0	0	0	0	0	0	0	0	0	0	0	0	0	0	0	0	0	0	0	0	0	0	0	0	0	0	0	0	0	0	0	0	0	0	0	0	0	0	0	0	0.000214791	0	0	0	0	0	0	0	0	0	0
80	0	0	0	0	0	0	0	0	0	0	0	0	0	0	0	0	0	0	0	0	0	0	0	0	0	0	0	0	0	0	0	0	0	0	0	0	0	0	0	0	0	0	0	0	0	0	0	0	0	0	0
81	0.002121714	0.002307124	0.002327597	0.002560464	0.002772618	0.002970705	0.003154611	0.003332323	0.003540071	0.003737535	0.004040441	0.004239708	0.004475775	0.004726301	0.004640688	0.004941127	0.005164574	0.005545914	0.005903531	0.00615906	0.006118123	0.006015684	0.006182323	0.006276796	0.006270141	0.006272265	0.006155283	0.006300143	0.00666883	0.007054242	0.007193475	0.007342447	0.007438081	0.00729756	0.007365582	0.007481264	0.007606154	0.007764596	0.008001197	0.008166595	0.008304232	0.008691687	0.009083248	0.009359252	0.009699788	0.010110903	0.01064716	0.010960339	0.011282931	0.011065736	0.011
82	0	0	0	0	0	0	0	0	0	0	0	0	0	0	0	0	0	0	0	0	0	0	0	0	0	0	0	0	0	0	0	0	0	0	0	0	0	0	0	0	0	0	0	0	0	0	0	0	0	0	0
83	0	0	0	0	0	0	0	0	0	0	0	0	0	0	0	0	0	0	0	0	0	0	0	0	0	0	0	0	0	0	0	0	0	0	0	0	0	0	0	0	0.002604429	0	0	0	0	0	0	0	0	0	0
84	0	0	0	0	0	0	0	0	0	0	0	0	0	0	0	0	0	0	0	0	0	0	0	0	0	0	0	0	0	0	0	0	0	0	0	0	0	0	0	0	0	0	0	0	0	0	0	0	0	0	0
85	0	0	0	0	0	0	0	0	0	0	0	0	0	0	0	0	0	0	0	0	0	0	0	0	0	0	0	0	0	0	0	0	0	0	0	0	0	0	0	0	0	0	0	0	0	0	0	0	0	0	0
86	0.000867757	0.000881988	0.000907595	0.000940966	0.000962856	0.000964865	0.000971848	0.000992822	0.001009876	0.001037721	0.001068041	0.00109876	0.001138731	0.001170509	0.001181704	0.001185058	0.001232971	0.001299249	0.001331657	0.001355246	0.001367288	0.001351908	0.001278975	0.001229969	0.001213564	0.00118047	0.001162508	0.001180122	0.001200645	0.001208717	0.001205225	0.00122923	0.001257501	0.001281351	0.00131259	0.001349936	0.001356375	0.001378879	0.001409304	0.001426009	0.001441424	0.001460104	0.001472514	0.001491729	0.001508926	0.001536913	0.00156924	0.00159905	0.001595107	0.001588248	0.0016
86	0	0	0	0	0	0	0	0	0	0	0	0	0	0	0	0	0	0	0	0	0	0	0	0	0	0	0	0	0	0	0	0	0	0	0	0	0	0	0	0	0	0	0	0	0	0	0	0	0	0	0
87	0	0	0	0	0	0	0	0	0	0	0	0	0	0	0	0	0	0	0	0	0	0	0	0	0	0	0.000252225	0.000254281	0.000281054	0.000260094	0.000250732	0.000251094	0.000237662	0.000242122	0.000246962	0.000244352	0.000260474	0.000266304	0.000293604	0.000290659	0.000288626	0.000304206	0.000319388	0.00032231	0.000324689	0.000323898	0.000333557	0.000339751	0.000345138	0.000363683	0.00036
88	0	0	0	0	0	0	0	0	0	0	0	0	0	0	0	0	0	0	0	0	0	0	0	0	0	0	0	0	0	0	0	0	0	0	0	0	0	0	0	0	0.000156251	0	0	0	0	0	0	0	0	0	0
89	0	0	0	0	0	0	0	0	0	0	0	0	0	0	0	0	0	0	0	0	0	0	0	0	0	0	0	0	0	0	0	0	0	0	0	0	0	0	0	0	0.00062347	0	0	0	0	0	0	0	0	0	0
90	0	0	0	0	0	0	0	0	0	0	0	0	0	0	0	0	0	0	0	0	0	0	0	0	0	0	0	0	0	0	0	0	0	0	0	0	0	0	0	0	0.00036628	0	0	0	0	0	0	0	0	0	0
91	0.000566937	0.000572617	0.000574808	0.000594064	0.000615435	0.000621034	0.000622407	0.000617169	0.000649427	0.000636204	0.000643298	0.000608273	0.000627101	0.000675776	0.000642178	0.000647986	0.000725334	0.000801094	0.000797811	0.000763049	0.000797297	0.000778502	0.000769627	0.000735323	0.000766299	0.000745751	0.000766103	0.000755002	0.000748529	0.000765656	0.000746915	0.000762763	0.000758434	0.000771053	0.00075517	0.000749486	0.000770523	0.000777236	0.000795016	0.000771727	0.000806942	0.000826442	0.000843714	0.000863287	0.000888259	0.000928916	0.000989353	0.001024116	0.001052371	0.001002683	0.001
93	0.001232242	0.001243426	0.001282773	0.001339636	0.001408249	0.001425731	0.001488953	0.001577167	0.00164537	0.001727903	0.001850653	0.00193789	0.002000403	0.002076827	0.002191051	0.002287197	0.002318637	0.002414972	0.002492244	0.00254483	0.002569265	0.002636635	0.002675281	0.002696153	0.002738113	0.002784585	0.002852521	0.002974754	0.002862899	0.00294035	0.00284292	0.002688335	0.002706165	0.002852299	0.002786963	0.002604841	0.002525123	0.002585968	0.002693569	0.002819716	0.002951825	0.003140496	0.003457907	0.003741466	0.003852826	0.003997767	0.00408325	0.004034747	0.004046933	0.0041	0.0041
94	0	0	0	0	0	0	0	0	0	0	0.007811623	0.009065811	0.009562516	0.009918937	0.010801726	0.009556393	0.009974757	0.011222203	0.012137164	0.012357615	0.012664008	0.013305631	0.013808974	0.012874617	0.013197858	0.013596674	0.014374106	0.016521131	0.015715843	0.014896978	0.015375776	0.015610662	0.014868633	0.01391873	0.01409863	0.014203149	0.014834464	0.015562383	0.017009944	0.018176073	0.018757244	0.01807198	0.017664429	0.018574488	0.019631219	0.021756827	0.022125146	0.022852539	0.020661584	0.017065986	0.017
95	0.000152039	0.000151587	0.00015058	0.000153806	0.000160256	0.000156658	0.000155382	0.000160723	0.000161456	0.000163891	0.00016583	0.000165424	0.000162938	0.000163306	0.000159595	0.000164904	0.000164401	0.000173762	0.000180169	0.00017211	0.000183347	0.000186609	0.000184023	0.00019413	0.00019469	0.0001989	0.000199916	0.000201946	0.000210823	0.000215786	0.000221594	0.000221506	0.000221763	0.000227039	0.000232874	0.000241993	0.000255907	0.000256945	0.0002677	0.000277919	0.000282507	0.000294178	0.000296959	0.000309384	0.000321379	0.000343086	0.000366594	0.000394149	0.000418216	0.000443119	0.00044
96	0.000102851	0.000108018	0.000117424	0.000111827	0.000107404	0.000110339	0.000107245	0.000114685	0.000124392	0.000127009	0.000124269	0.000126163	0.000121187	0.000124883	0.000144836	0.000155886	0.000155986	0.000156422	0.000175465	0.000181588	0.000183401	0.000250661	0.000252018	0.000269306	0.000279833	0.000292607	0.00029213	0.000290798	0.00026433	0.000279218	0.000321848	0.000341934	0.000347041	0.000382012	0.000405823	0.00045027	0.000487014	0.00051777	0.000479155	0.000494541	0.000495596	0.000506051	0.000518501	0.00053163	0.000550852	0.000565398	0.000576128	0.000597663	0.000622147	0.000644911	0.00064
97	0	0	0	0	0	0.000319596	0.000338987	0.000364084	0.000348417	0.000365416	0.000391517	0.000436418	0.000447791	0.00049278	0.000584705	0.000746029	0.000721336	0.000749289	0.000740405	0.000739544	0.000679765	0.000671875	0.000690667	0.000757018	0.000765009	0.000747992	0.000647816	0.000587447	0.000573266	0.000575777	0.000578481	0.000618195	0.000629226	0.000633943	0.000631293	0.000612136	0.000621283	0.00063837	0.000672445	0.000681569	0.000721432	0.000744438	0.000822231	0.00085616	0.000919759	0.000969361	0.001017212	0.001096553	0	0	0
98	0	0	0	0	0	0	0	0	0	0	0	0	0	0	0	0	0	0	0	0	0	0	0	0	0	0	0	0	0	0	0	0	0	0	0	0	0	0	0	0	0	0	0	0	0	0	0	0	0	0	0
99	0.004074524	0.004204304	0.004340533	0.004506507	0.004676471	0.004694314	0.004746124	0.004906806	0.005323675	0.005575546	0.00509891	0.005201199	0.005392174	0.005690279	0.005690162	0.005645413	0.005718498	0.006019569	0.006478953	0.006679601	0.006626139	0.006664864	0.006127952	0.006127899	0.006212887	0.006475663	0.006601033	0.006835851	0.007167219	0.007655597	0.007766315	0.00789102	0.008085346	0.008272358	0.008573487	0.008802693	0.009351234	0.009982502	0.010617914	0.011427768	0.01241686	0.012813343	0.013079179	0.013189543	0.013370124	0.013978066	0.01459272	0.015218227	0.014692775	0.013410446	0.013
100	0	0	0	0	0	0	0	0	0	0	0	0	0	0	0	0	0	0	0	0	0	0	0	0	0	0	0	0	0	0	0	0	0	0	0	0	0	0	0	0	0	0	0	0	0	0	0	0	0	0	0
101	0	0	0	0	0	0	0	0	0	0	0	0	0	0	0	0	0	0	0	0	0	0	0	0	0	0	0	0	0	0	0	0	0	0	0	0.009540092	0.00978647	0.009809383	0.010095323	0.010257604	0.010946075	0.011086507	0.010948681	0.010738984	0.011103969	0.011289068	0.011564784	0.012074728	0.012294274	0	0
102	0.003188092	0.003402411	0.003617326	0.003920656	0.004017648	0.004116051	0.004377722	0.00466706	0.004873859	0.00515913	0.005510886	0.005675219	0.005815227	0.00611828	0.00627029	0.006238645	0.006485316	0.006645603	0.00678441	0.007237275	0.00766025	0.007755062	0.007806362	0.007764126	0.007984729	0.008203675	0.008535681	0.008839068	0.009198998	0.009569706	0.009762885	0.010022528	0.010177866	0.009851629	0.010000087	0.01015229	0.010255857	0.010599465	0.010980414	0.011264477	0.011512431	0.011554053	0.01152069	0.011565583	0.011584661	0.011648347	0.011726648	0.011788846	0.011640032	0.011386702	0.011
103	0	0	0	0	0	0	0	0	0	0	0	0	0	0	0	0	0	0	0	0	0	0	0	0	0	0	0	0	0	0	0	0	0	0	0	0	0	0	0	0	0.002603775	0	0	0	0	0	0	0	0	0	0
104	0.004501742	0.004924503	0.00524539	0.005648992	0.006191584	0.006475286	0.007041568	0.007678891	0.008229204	0.008962224	0.0093932	0.009771472	0.010501942	0.011271264	0.011116017	0.011463013	0.011669621	0.012025072	0.012546274	0.013252175	0.0132857	0.013413868	0.013922215	0.014276327	0.014595327	0.015116204	0.015605222	0.016223022	0.017001561	0.017767026	0.018627172	0.018963816	0.019288528	0.019407875	0.019778887	0.020086733	0.020529848	0.020635864	0.02041889	0.020590435	0.020709043	0.021013971	0.021213168	0.021273112	0.021595805	0.021872592	0.022205161	0.022571038	0.022436505	0.022243307	0.022
105	0	0	0	0	0	0	0	0	0	0	0	0	0	0	0	0	0.001008964	0.001167374	0.001360319	0.001627355	0.001696129	0.001677526	0.001798343	0.001772379	0.001868827	0.001904305	0.001729736	0.001775584	0.001643162	0.001511554	0.001308445	0.001070645	0.001288109	0.001197144	0.001156146	0.001105055	0.001157119	0.001191897	0.001250583	0.0012575	0.001405974	0.001443104	0.001420805	0.001386337	0.001458789	0.001626562	0.001618881	0.001788622	0.001943712	0.002016123	0.002
106	0	0	0	0	0	0	0	0	0	0	0	0	0	0	0	0	0	0	0	0	0	0	0	0	0	0	0	0	0	0	0.001262111	0.001205874	0.00119827	0.001094826	0.000846021	0.000671139	0.000648595	0.000681642	0.000688586	0.000739501	0.000756866	0.000820782	0.000840863	0.00093542	0.001057858	0.001163013	0.001298153	0.001429966	0.001495635	0.001444977	0.0014
107	0.000244017	0.000239498	0.000250624	0.00024307	0.000251634	0.000262887	0.000274514	0.000279684	0.000244522	0.000243433	0.00021272	0.000297612	0.000324854	0.0002927	0.000324371	0.000306488	0.000280092	0.000292791	0.000322651	0.00032317	0.000318882	0.000295458	0.000293368	0.000273217	0.000283991	0.000254983	0.000292601	0.000306797	0.000321337	0.000328821	0.000316871	0.000313752	0.000300446	0.000286425	0.000282724	0.000312868	0.000312018	0.000315233	0.000321055	0.000325606	0.000316028	0.000320682	0.000315093	0.000313766	0.000313078	0.000324702	0.000341152	0.000356549	0.000342825	0.000346538	0.00035
108	0	0	0	0	0	0	0	0	0	0	0	0	0	0	0	0	0	0	0	0	0	0	0	0	0	0	0	0	0	0	0	0	0	0	0	0	0	0	0	0	0	0	0	0	0	0	0	0	0	0	0
109	0	0	0	0	0	0	0	0	0	0	0	0	0	0	0	0	0	0	0	0	0	0	0	0	0	0	0	0	0	0	0	0	0	0	0	0.007164406	0.008255192	0.007968545	0.008016096	0.007542794	0.007029475	0.006794017	0.00745637	0.007368309	0.007359218	0.0075	0.0076	0.0077	0.0078	0.0079	0.0079
110	0	0	0	0	0	0	0	0	0	0	0	0	0	0	0	0	0	0	0	0	0	0	0	0	0	0	0	0	0	0	0.00035716	0.000292387	0.000257057	0.000231944	0.000169349	0.000156248	0.000179874	0.000162968	0.000187894	0.000187932	0.000181573	0.000181807	0.000189158	0.000198192	0.000214195	0.000234804	0.000280097	0.000313175	0.000354399	0.000334486	0.00033
111	0	0	0	0	0	0	0	0	0	0	0	0	0	0	0	0	0	0	0	0	0	0	0	0	0	0	0	0	0	0	0	0	0	0	0	0	0	0	0	0	0.000254067	8.33e-05	8.52e-05	8.51e-05	9.27e-05	9.5e-05	9.03e-05	9.1e-05	9.2e-05	9.3e-05	9.3e-05
112	0	0	0	0	0	0	0	0	0	0	0	0	0	0	0	0	0	0	0	0	0.003010853	0.003099745	0.003076778	0.003101954	0.003197944	0.003274147	0.003284716	0.003295016	0.003439007	0.003517068	0.003556996	0.00264998	0.00151988	0.001429481	0.001696973	0.001508995	0.001689554	0.001792482	0.001820528	0.001916042	0.002063288	0.002231312	0.002413742	0.002630395	0.00289984	0.003253685	0.003966195	0.004573635	0.004341528	0.003385043	0.0034
113	0	0	0	0	0	0	0	0	0	0	0	0	0	0	0	0	0	0	0	0	0	0	0	0	0	0	0	0	0	0	0	0	0	0	0.004197458	0.004274538	0.004140834	0.003835345	0.003857768	0.00384775	0.003847222	0.00398694	0.004017832	0.004088394	0.0042264	0.0043	0.0044	0.0045	0.0046	0.0047	0.0047
114	0.000141381	0.00014087	0.000159332	0.000177703	0.000186488	0.000185931	0.000202036	0.000206892	0.000204455	0.000198568	0.000208284	0.000231387	0.00023822	0.000281393	0.000321282	0.000339594	0.000368784	0.000374073	0.000406747	0.000407677	0.000354967	0.000372812	0.000385524	0.000424011	0.000432959	0.000382816	0.000367525	0.000339472	0.000345218	0.000350696	0.000333203	0.000349068	0.000341198	0.000343614	0.000327366	0.000307606	0.000321004	0.000362221	0.000358588	0.000342088	0.000329165	0.000351299	0.0004244	0.000531638	0.000636137	0.000645432	0.000652914	0.000672084	0.000621885	0.000667733	0.00067
115	0	0	0	0	0	0	0	0	0	0	0	0	0	0	0	0	0	0	0	0	0	0	0	0	0	0	0	0	0	0	0	0	0	0	0	0	0	0	0	0	0	0	0	0	0	0	0	0	0	0	0
116	0	0	0	0	0	0	0	0	0	0	0	0	0	0	0	0	0	0	0	0	0	0	0	0	0	0	0	0	0	0	0	0	0	0	0	0	0	0	0	0	0.002907575	0	0	0	0	0	0	0	0	0	0
117	0	0	0	0	0	0	0	0	0	0	0	0	0	0	0	0	0	0	0	0	0	0	0	0	0	0	0	0	0	0	0	0	0	0	0	0	0	0	0	0	0	0	0	0	0	0	0	0	0	0	0
118	0	0	0	0	0	0	0	0	0	0	0	0	0	0	0	0	0	0	0	0	0	0	0	0	0	0	0	0	0	0	0	0	0	0	0	0.001561078	0.001673908	0.001781468	0.001880659	0.001988487	0.002110548	0.002210142	0.002353604	0.002608886	0.002932688	0.003310053	0.003690995	0.004175958	0.004370638	0.0045	0.0045
119	0.006335533	0.006582389	0.006792817	0.007017146	0.007577594	0.007641423	0.007720121	0.007690501	0.007999273	0.008382474	0.008808464	0.009208051	0.009534926	0.009948237	0.010271205	0.010709836	0.010975664	0.011183153	0.011486749	0.011876824	0.012201105	0.012404848	0.012450233	0.012504077	0.012663172	0.012994088	0.013354063	0.013879214	0.014583622	0.015142736	0.015539674	0.016426698	0.015836312	0.015941855	0.016345862	0.016426035	0.016686846	0.017092515	0.01782719	0.018226544	0.018897128	0.019295333	0.020173692	0.018905951	0.019106977	0.019372739	0.019756514	0.020171944	0.020875485	0.020721373	0.021
121	0.00040669	0.000394004	0.000394832	0.00039448	0.000396686	0.000384286	0.000382061	0.000374549	0.000394119	0.000399125	0.000414495	0.000424672	0.000405816	0.000384266	0.000362487	0.000353478	0.000325671	0.000331133	0.000314982	0.000342914	0.000337721	0.000284959	0.000279544	0.000270549	0.000261367	0.000262885	0.000254214	0.000239494	0.000234664	0.000218545	0.000231454	0.000224353	0.000212079	0.000212253	0.000206996	0.000203847	0.000200339	0.000203735	0.000206462	0.000209083	0.000211295	0.000210773	0.000204224	0.000211238	0.000224104	0.000208595	0.000205839	0.000200572	0.000204222	0.000197242	2e-04
122	0.000105694	9.93e-05	0.000103329	0.000103002	9.98e-05	0.000110015	0.00011782	0.000116359	0.000115782	0.000120505	0.000105852	0.000131889	0.000126669	0.000127331	0.000123583	0.000126389	0.000126486	0.000125151	0.000125413	0.000126546	0.000122259	0.000119021	0.000114947	0.000113976	0.000116795	0.000112786	0.000100703	9.02e-05	9.15e-05	9.98e-05	9.65e-05	9.93e-05	9.87e-05	0.000116306	8.37e-05	0.000115549	0.000126439	0.000138978	0.000115836	0.000131136	0.000120232	0.000111893	0.00012	0.00013	0.00014	0.00015	0.00016	0.00017	0.00018	0.00019	0.00019
123	0.000594532	0.000612601	0.000622435	0.000622837	0.000635944	0.000650605	0.000656556	0.000645301	0.000638309	0.000662249	0.00066752	0.000691026	0.000709658	0.000753192	0.000801527	0.000778322	0.000803996	0.000865585	0.000933566	0.001010567	0.001111571	0.001139611	0.00114779	0.001154021	0.001195989	0.001167377	0.001020985	0.001012036	0.001098356	0.001209279	0.001315699	0.001396601	0.001424075	0.001475169	0.001573451	0.001712921	0.001784443	0.001814643	0.001588799	0.001595627	0.001763247	0.001778587	0.001810994	0.001921112	0.002071841	0.002220037	0.002329048	0.00252957	0.002698356	0.002671761	0.0027
124	0	0	0	0	0	0	0	0	0	0	0	0	0	0	0	0	0	0	0	0	0	0	0	0	0	0	0	0	0	0	0	0	0	0	0	0.000673963	0.000685392	0.00072056	0.000732708	0.000742955	0.00075429	0.0007456	0.000752053	0.000773417	0.000804246	0.00081	0.00082	0.00083	0.00084	0.00085	0.00085
125	0	0	0	0	0	0	0	0.000153071	0.000154454	0.000151691	0.000156616	0.00015719	0.00016358	0.000160035	0.000169371	0.000177343	0.000193882	0.000189148	0.00019618	0.00020738	0.000192587	0.000179382	0.000165526	0.000180662	0.000185689	0.000168498	0.000159887	0.000154771	0.000162062	0.000176548	0.000164334	0.00016331	0.000171423	0.00015995	0.000162322	0.000171499	0.000173015	0.000168559	0.000172512	0.000178267	0.000182873	0.000189525	0.000184159	0.000174471	0.000180862	0.000183917	0.000166652	0.000166723	0.00018	0.00019	0.00019
126	0	0	0	0	0	0	0	0	0	0	0.002871084	0.00268643	0.002570559	0.002333718	0.002422021	0.002197136	0.002429671	0.002757632	0.002838202	0.002881527	0.003017428	0.003075239	0.003124745	0.003129791	0.00321736	0.003341097	0.003355609	0.003342653	0.003613043	0.003913114	0.004023592	0.004137935	0.004270845	0.004259386	0.004324327	0.00474013	0.005052432	0.005364067	0.005774724	0.006171574	0.00659383	0.006600527	0.006451956	0.006650897	0.006883582	0.006985016	0.006991649	0.007029344	0.007317865	0.007294232	0.0073
127	0	0	0	0	0	0	0	0	0	0	0	0	0	0	0	0	0	0	0	0	0	0	0	0	0	0	0	0	0	0	0	0	0	0	0	0	0	0	0	0	0	0	0	0	0	0	0	0	0	0	0
128	0	0	0	0	0	0	0	0	0	0	0	0	0	0	0	0	0	0	0	0	0	0	0	0	0	0	0	0	0	0	0	0	0	0	0	0	0	0	0	0	0	0	0	0	0	0	0	0	0	0	0
129	0	0	0	0	0	0	0	0	0	0	0	0	0	0	0	0	0	0	0	0	0	0	0	0	0	0	0	0	0	0	0	0	0	0	0	0	0	0	0	0.000348923	0.000343837	0.00030463	0.000333512	0.000313386	0.000351463	0.000435408	0.00045	0.00046	0.00047	0.00048	0.00048
130	0	0	0	0	0	0	0	0	0	0	0	0	0	0	0	0	0.001024583	0.001068363	0.001080619	0.001073767	0.000999647	0.000957008	0.000980389	0.000989796	0.001025241	0.001068716	0.001134944	0.001349184	0.001454944	0.001547233	0.00160892	0.001670719	0.001728263	0.001795239	0.001873681	0.001937245	0.002007412	0.002084844	0.002188497	0.002252827	0.002312797	0.00236255	0.002416175	0.002513385	0.002684038	0.002855545	0.00299981	0.003113165	0.003308915	0.003355855	0.0034
131	0	0	0	0	0	0	0	0	0	0	0	0	0	0	0	0	0	0	0	0	0	0	0	0	0	0	0	0	0	0	0	0	0	0	0	0	0	0	0	0	0	0	0	0	0	0	0	0	0	0	0
132	0.001700972	0.001709643	0.001728766	0.001784684	0.001916209	0.001944615	0.001977021	0.002043966	0.002115685	0.002184092	0.002261039	0.002288117	0.002374567	0.002462856	0.002485223	0.002530424	0.002551047	0.002549842	0.002655653	0.002820242	0.003040051	0.003196121	0.003057193	0.002840705	0.002880553	0.002921151	0.002792539	0.002735933	0.002732196	0.002874871	0.003001079	0.003081636	0.003164709	0.003150826	0.003234235	0.002873456	0.002884962	0.00301814	0.003597426	0.003695548	0.003912937	0.003936325	0.00394271	0.003979974	0.004159739	0.004314118	0.004508209	0.004641166	0.004681866	0.0043538	0.0044
133	0	0	0	0	0	0	0	0	0	0	0	0	0	0	0	0	0	0	0	0	0	0	0	0	0	0	0	0	0	0	0	0	0	0	0	0	0	0	0	0	0	0	0	0	0	0	0	0	0	0	0
134	0	0	0	0	0	0	0	0	0	0	0	0	0	0	0	0	0	0	0	0	0	0	0	0	0	0	0	0	0	0	0	0	0	0	0	0	0	0	0	0	0	0	0	0	0	0	0	0	0	0	0
135	0	0	0	0	0	0	0	0	0	0	0	0	0	0	0	0	0	0	0	0	0	0	0	0	0	0	0	0	0	0	0	0	0	0	0	0	0	0	0	0	0.000345077	0	0	0	0	0	0	0	0	0	0
330	0	0	0	0	0	0	0	0	0	0	0	0	0	0	0	0	0	0	0	0	0	0	0	0	0	0	0	0	0	0	0	0	0	0	0	0	0	0	0	0	0.001042523	0	0	0	0	0	0	0	0	0	0
136	0	0	0	0	0	0	0	0	0	0	0	0	0	0	0	0	0	0	0	0	0	0	0	0	0	0	0	0	0	0	0	0	0	0	0	0	0	0	0	0	0	0	0	0	0	0	0	0	0	0	0
137	0.000450448	0.000446158	0.000480486	0.000483088	0.000456509	0.000452416	0.000457506	0.000480347	0.000528425	0.000522619	0.000507808	0.000514642	0.000523719	0.00053039	0.000544715	0.000591823	0.000616803	0.000649721	0.000679875	0.000705932	0.000670903	0.000641404	0.000671868	0.000657812	0.000672416	0.000679781	0.000735352	0.000698835	0.000738233	0.000747927	0.000752391	0.000816454	0.000775054	0.000729157	0.000805799	0.00074106	0.000812623	0.000764003	0.000801238	0.000787656	0.000789105	0.000798142	0.000817541	0.000867991	0.000900132	0.000910474	0.000961816	0.000986075	0.00103258	0.001060973	0.0011
138	0	0	0	0	0	0	0	0	0	0	0	0	0	0	0	0	0	0	0	0	0.000208751	0.000199246	0.000192228	0.000152014	0.00014743	0.000136738	0.000141326	0.000157005	0.00016203	0.000171996	0.000163043	0.000167764	0.000151601	0.000154791	0.000160662	0.000161189	0.000166011	0.000176087	0.000189974	0.00022311	0.000187563	0.000178606	0.000184498	0.00019366	0.000209809	0.000219693	0.000223453	0.000232241	0.000241219	0.000236776	0.00024
139	0	0	0	0	0	0	0	0	0	0	0	0	0	0	0	0	0	0	0	0	0	0	0	0	0	0	0	0	0	0	0	0	0	0	0	0	0	0	0	0	0	0	0	0	0	0	0	0	0	0	0
140	0	0	0	0	0	0	0	0	0	0	0	0	0	0	0	0	0	0	0	0	0.001192182	0.001594577	0.001591572	0.001482818	0.00149366	0.001244118	0.001290521	0.001464938	0.001311721	0.001294778	0.00103063	0.001143173	0.001073605	0.001073001	0.001100428	0.001108653	0.001197148	0.001255242	0.001270148	0.001257733	0.001302045	0.001390412	0.001343608	0.001428048	0.001428137	0.001412408	0.001505646	0.001566796	0.00175102	0.001908891	0.0019
141	0	0	0	0	0	0	0	0	0	0	0	0	0	0	0	0	0	0	0	0	0	0	0	0	0	0	0	0	0	0	0	0	0	0	0	0	0	0	0	0	0	0	0	0	0	0	0	0	0	0	0
142	0	0	0	0	0	0	0	0	0	0	0	0	0	0	0	0	0	0	0	0	0	0	0	0	0	0	0	0	0	0	0	0	0	0	0	0	0	0	0	0	0.000170635	0	0	0	0	0	0	0	0	0	0
143	0.004447025	0.004380781	0.004830227	0.005099801	0.005328062	0.005637836	0.005743852	0.005982847	0.006302648	0.006724009	0.007024949	0.007178609	0.007282157	0.007572423	0.007763618	0.007951018	0.008323352	0.008577728	0.008918428	0.009015567	0.008950303	0.00869826	0.008535443	0.008605904	0.008619484	0.008692183	0.00885004	0.008975715	0.009056172	0.009281723	0.009595324	0.009790391	0.009793748	0.009807685	0.009934463	0.010134383	0.010508765	0.01081158	0.011302726	0.011831353	0.012204677	0.012360974	0.012412224	0.012332092	0.012392018	0.012457665	0.012377283	0.012543834	0.01263541	0.012295356	0.012
144	0	0	0	0	0	0	0	0	0	0	0	0	0	0	0	0	0	0	0	0	0	0	0	0	0	0	0	0	0	0	0	0	0	0	0	0	0	0	0	0	0	0	0	0	0	0	0	0	0	0	0
145	0	0	0	0	0	0	0	0	0	0	0	0	0	0	0	0	0	0	0	0	0	0	0	0	0	0	0	0	0	0	0	0	0	0	0	0	0	0	0	0	0	0	0	0	0	0	0	0	0	0	0
146	0.00511172	0.00508757	0.004969867	0.005179094	0.005376088	0.005714878	0.005864333	0.005549347	0.005612972	0.005844126	0.006026458	0.00594286	0.006235029	0.006627851	0.006774144	0.006635475	0.006364943	0.006130658	0.006227175	0.006185028	0.006146646	0.006233359	0.006097578	0.006228574	0.006412625	0.006449653	0.006673469	0.00692221	0.007033976	0.007026198	0.006968523	0.006765261	0.006677304	0.006796061	0.007085497	0.007254947	0.007473663	0.007568793	0.007729551	0.007909604	0.007940773	0.008064578	0.008348298	0.008764742	0.009050352	0.009351722	0.009470498	0.009680072	0.009488322	0.009356545	0.0094
147	0.00074563	0.000761417	0.000832081	0.000877243	0.000922707	0.001028658	0.0010268	0.001104824	0.001067203	0.001051617	0.001029125	0.001018522	0.001002904	0.001034347	0.001077353	0.001098762	0.001114991	0.001165505	0.001063076	0.000752215	0.000860845	0.000718514	0.000609095	0.000559753	0.000518036	0.000464919	0.000417032	0.000396633	0.000554639	0.000491768	0.000387883	0.000521028	0.000508653	0.000478213	0.000552317	0.000561206	0.000569488	0.000584377	0.000601016	0.000625644	0.000648226	0.000670039	0.000690383	0.000693459	0.000698687	0.000714301	0.000729925	0.000751695	0.00080639	0.000803106	8e-04
148	0	0	0	0	0	0	0	0	0	0	0	0	0	0	0	0	0	0	0	0	0	0	0	0	0	0	0	0	0	0	0	0	0	0	0	0	0	0	0	0	0.000135997	0	0	0	0	0	0	0	0	0	0
149	0	0	0	0	0	0	0	0	0	0	0	0	0	0	0	0	0	0	0	0	0	0	0	0	0	0	0	0	0	0	0	0	0	0	0	0	0	0	0	0	0	0	0	0	0	0	0	0	0	0	0
150	0	0	0	0	0	0	0	0	0	0	0	0	0	0	0	0	0	0	0	0	0	0	0	0	0	0	0	0	0	0	0	0	0	0	0	0	0	0	0	0	0	0	0	0	0	0	0	0	0	0	0
151	0	0	0	0	0	0	0	0	0	0	0	0	0	0	0	0	0	0	0	0	0	0	0	0	0	0	0	0	0	0	0	0	0	0	0	0	0	0	0	0	0	0	0	0	0	0	0	0	0	0	0
152	0	0	0	0	0	0	0	0	0	0	0	0	0	0	0	0	0	0	0	0	0	0	0	0	0	0	0	0	0	0	0	0	0	0	0	0	0	0	0	0	0	0	0	0	0	0	0	0	0	0	0
153	0.005921279	0.006216636	0.006358636	0.006524203	0.006716102	0.00682729	0.00701533	0.007224395	0.007427819	0.00793311	0.00788468	0.008255006	0.008414881	0.008653731	0.008855774	0.00926961	0.009774574	0.010346734	0.010140326	0.010529829	0.010707897	0.010698514	0.010782305	0.01095818	0.011276537	0.012292706	0.012872926	0.012729597	0.012403801	0.012266578	0.012280619	0.012461795	0.012675361	0.01288955	0.013260781	0.013676035	0.014474654	0.014843259	0.015176127	0.015654641	0.016216246	0.016452684	0.016866327	0.017227549	0.018045267	0.018606185	0.019309373	0.020135689	0.020279991	0.020165122	0.02
154	0	0	0	0	0	0	0	0	0	0	0	0	0	0	0	0	0	0	0	0	0	0	0	0	0	0	0	0	0	0	0	0	0	0	0.001241293	0.001200114	0.001163076	0.001242187	0.00129663	0.001372495	0.001247075	0.001070364	0.000900407	0.000896219	0.000926334	0.000953724	0.00093	0.00093	0.00093	0.00093	0.00093
155	0	0	0	0	0	0	0	0	0	0	0	0	0	0	0	0	0	0	0	0	0	0	0	0	0	0	0	0	0	0	0.002524797	0.002828665	0.002862102	0.00298517	0.002744372	0.003026425	0.003178306	0.003261487	0.003487956	0.003302796	0.003271087	0.003196734	0.003371228	0.003177844	0.003223797	0.0032	0.0032	0.0032	0.0032	0.0032	0.0032
156	0	0	0	0	0	0	0	0	0	0	0	0	0	0	0	0	0	0	0	0	0	0	0	0	0	0	0.000295299	0.000295281	0.000314598	0.000307358	0.000312052	0.000299988	0.000331056	0.00033062	0.000334398	0.000349606	0.00036525	0.00037085	0.000366906	0.000384162	0.000376308	0.000369506	0.000366206	0.000359615	0.00038746	0.000427882	0.000422913	0.000433369	0.000412812	0.000449632	0.00045
157	0	0	0	0	0	0	0	0	0	0	0	0	0	0	0	0	0	0	0	0	0	0	0	0	0	0	0	0	0	0	0	0	0	0	0	0	0	0	0	0	0	0	0	0	0	0	0	0	0	0	0
158	0	0	0	0	0	0	0	0	0	0	0	0	0	0	0	0	0	0	0	0	0.001283591	0.001571789	0.001376628	0.001433747	0.001626101	0.001661439	0.001715079	0.001699172	0.001456953	0.001726887	0.001516744	0.001691455	0.001864915	0.00197941	0.001960708	0.001823598	0.001978759	0.002104367	0.002445107	0.002408457	0.002359428	0.002387944	0.002506598	0.00267644	0.00274289	0.002932217	0.003008164	0.003267062	0.00356409	0.003718753	0.0037
159	0	0.000270347	0.000283122	0.00028658	0.00030358	0.000326051	0.000332638	0.000340206	0.000358812	0.000378932	0.000388654	0.000396986	0.000420595	0.000432989	0.000434701	0.000432993	0.000434535	0.000462332	0.000489332	0.000481245	0.000488628	0.00047739	0.00045656	0.000454425	0.000441461	0.000465385	0.000441641	0.000444583	0.000434844	0.000418876	0.000353417	0.000384016	0.000403435	0.000399985	0.000452145	0.000363194	0.000412486	0.000464006	0.000428342	0.000419031	0.000291541	0.000245287	0.000313878	0.000234831	0.000266951	0.00028	0.00029	3e-04	0.00031	0.00032	0.00032
160	0.000479188	0.000502862	0.000554349	0.000564466	0.000595445	0.000573219	0.000578574	0.000606306	0.000632144	0.000633827	0.000627011	0.000662834	0.000669982	0.000695928	0.000757755	0.000756152	0.000800261	0.000892216	0.000916415	0.000879983	0.001135962	0.001135482	0.001104198	0.000953824	0.001086644	0.00107008	0.001047717	0.00108718	0.001082885	0.000990356	0.00109519	0.00108953	0.001100791	0.001109672	0.001148635	0.001159113	0.001175797	0.001207799	0.001166104	0.001128687	0.001050596	0.001056328	0.000961762	0.000970084	0.000993832	0.001013446	0.001045437	0.001090092	0.001143505	0.001089292	0.0011
161	0.001004736	0.001037864	0.001128467	0.00121791	0.001254307	0.001300494	0.001374722	0.001414821	0.001513468	0.001537212	0.001691371	0.001694453	0.001709344	0.001695753	0.001759497	0.001778796	0.001774918	0.001742378	0.00165469	0.001694731	0.001625167	0.001642041	0.001605687	0.001468601	0.001526039	0.00154994	0.001662448	0.001745502	0.001569735	0.001364164	0.00123022	0.001247214	0.001219237	0.001237302	0.001333903	0.001437241	0.001455785	0.001495524	0.001457591	0.001428663	0.001458303	0.001457917	0.001504211	0.001530292	0.001573437	0.001625555	0.001709387	0.001830412	0.001969452	0.001991281	0.002
162	0.000411471	0.00041846	0.000428782	0.000440631	0.000444371	0.000452167	0.000461148	0.00047022	0.000477765	0.000482492	0.000482732	0.000485071	0.000487177	0.000501077	0.000511245	0.000521294	0.000532674	0.000545841	0.000559065	0.000570614	0.000580453	0.000579944	0.000583959	0.000571857	0.000558239	0.000537379	0.00054095	0.00054853	0.000568152	0.000581985	0.0005986	0.000597775	0.000603098	0.000607473	0.000616147	0.000625724	0.000640625	0.000658397	0.000666955	0.000670605	0.000680269	0.000690861	0.000705247	0.000728465	0.000756911	0.000778795	0.000806594	0.00083817	0.000861464	0.000880601	0.00088
163	0	0	0	0	0	0	0	0	0	0	0	0	0	0	0	0	0	0	0	0	0	0	0	0	0	0	0	0	0	0	0	0	0	0	0	0	0	0	0	0	0	0	0	0	0	0	0	0	0	0	0
164	0	0	0	0	0	0	0	0	0	0	0	0	0	0	0	0	0	0	0	0	0	0	0	0	0	0	0	0	0	0	0.001731874	0.001834532	0.001870714	0.00196261	0.002042871	0.002105822	0.002291259	0.002455586	0.002582453	0.00272565	0.00281259	0.002880837	0.002983851	0.003044105	0.00317396	0.003242518	0.00340776	0.003578078	0.003792646	0.003883232	0.0039
165	0.001579368	0.001748715	0.00168575	0.001859535	0.001923507	0.002013413	0.002043621	0.002163495	0.002767512	0.002913033	0.003114831	0.003502505	0.003618206	0.004010651	0.004344349	0.004245882	0.004329856	0.004287534	0.004135522	0.004082069	0.004196033	0.00427118	0.004338261	0.004262715	0.004121018	0.004138871	0.004370089	0.004605559	0.00492794	0.005080809	0.005414302	0.00564346	0.005908552	0.005965932	0.006015047	0.006037119	0.006215914	0.006422956	0.006723708	0.00706295	0.007295538	0.00734568	0.007395475	0.007329959	0.007477849	0.007560503	0.007659162	0.007819914	0.007932031	0.007835903	0.0078
166	0	0	0	0	0	0	0	0	0	0	0	0	0	0	0	0	0	0	0	0	0	0	0	0	0	0	0	0	0	0	0	0	0	0	0	0	0	0	0	0	0	0	0	0	0	0	0	0	0	0	0
167	0	0	0	0	0	0	0	0	0	0	0	0	0	0	0	0	0	0	0	0	0	0	0	0	0	0	0	0	0	0	0	0	0	0	0	0	0	0	0	0	0.004383991	0	0	0	0	0	0	0	0	0	0
168	0.000821609	0.000820295	0.000838968	0.000840894	0.000922066	0.001002057	0.001032192	0.001057715	0.001114463	0.001304187	0.001404745	0.001498303	0.001541052	0.001638762	0.001710325	0.001767002	0.0018768	0.001943258	0.002065436	0.00219414	0.002157472	0.002231318	0.002346364	0.002517371	0.002670897	0.002816044	0.003015926	0.003208066	0.003437641	0.003742234	0.004044841	0.004358733	0.004586164	0.004827946	0.005197555	0.005669523	0.00600384	0.006150802	0.005281097	0.005843042	0.006291975	0.006608331	0.007158257	0.007095987	0.007089414	0.007385549	0.00770245	0.008058988	0.007925395	0.007909536	0.0079
169	0	0	0	0	0	0	0	0	0	0	0	0	0	0	0	0	0	0	0	0	0	0	0	0	0	0	0	0	0	0	0	0	0.000115085	0.000167858	0.000181845	0.000180853	0.000207332	0.00026743	0.000282822	0.000250627	0.000287326	0.00030919	0.000330111	0.000405077	0.000425914	0.000502257	0.000557553	0.000592242	0.000635446	0.000554146	0.00055
172	0	0	0	0	0	0	0	0	0	0	0	0	0	0	0	0	0	0	0	0	0	0	0	0	0	0	0	0	0	0	0	0	0	0	0	0	0	0	0	0	0	0	0	0	0	0	0	0	0	0	0
170	0	0	0	0	0	0	0	0	0	0	0	0	0	0	0	0	0	0	0	0	0	0	0	0	0	0	0	0	0	0	0.001314457	0.00110972	0.001048361	0.001064209	0.001096162	0.001245152	0.00135253	0.001309312	0.001322409	0.001313899	0.001321426	0.001473492	0.001525146	0.001644039	0.001835836	0.001981178	0.001962008	0.002173287	0.002365624	0.002313057	0.0023
171	0	0	0	0	0	0	0	0	0	0	0	0	0	0	0	0	0	0	0	0	0	0	0	0	0	0	0	0	0	0	0.000875089	0.000832491	0.000806372	0.000815846	0.000826069	0.000803774	0.000766522	0.000805274	0.000780505	0.000760436	0.00081785	0.00089792	0.000977453	0.001056591	0.001189985	0.00133616	0.001503859	0.00172435	0.001916142	0.001776062	0.0018
173	0	0	0	0	0	0	0	0	0	0	0	0	0	0	0	0	0	0	0	0	0	0	0	0	0	0	0	0	0	0	0	0	0	0	0	0	0	0	0	0	0.000191151	0	0	0	0	0	0	0	0	0	0
174	0	0	0	0	0	0	0	0	0	0	0	0	0	0	0	0	0	0	0	0	0	0	0	0	0	0	0	0	0	0	0	0	0	0	0	0	0	0	0	0	0	0	0	0	0	0	0	0	0	0	0
175	0	0	0	0	0	0	0	0	0	0	0	0	0	0	0	0	0	0.001352148	0.001546968	0.001873444	0.002129413	0.002214514	0.002227807	0.002522766	0.00244974	0.002476069	0.002742714	0.002964338	0.002485502	0.002737932	0.003096139	0.003254539	0.002815694	0.00288636	0.003172213	0.003453396	0.004045343	0.003665891	0.003639582	0.004334125	0.00424107	0.003505979	0.004201392	0.003151893	0.0032	0.0032	0.0032	0.0032	0.0032	0.0032	0.0032
176	0	0	0	0	0	0	0	0	0	0	0	0	0	0	0	0	0	0	0	0	0	0	0	0	0	0	0	0	0	0	0	0	0	0	0	0	0	0	0	0	0.002951488	0	0	0	0	0	0	0	0	0	0
177	0	0	0	0	0	0	0	0	0	0	0	0	0	0	0	0	0	0	0	0	0	0	0	0	0	0	0	0	0	0	0	0	0	0	0	0	0	0	0	0	0	0	0	0	0	0	0	0	0	0	0
178	0	0	0	0	0	0	0	0	0	0	0	0	0	0	0	0	0	0.001128877	0.001068212	0.001279202	0.001312158	0.001188385	0.001268264	0.001284523	0.001122414	0.001074564	0.00114666	0.001295833	0.001362364	0.001675328	0.00161323	0.001955778	0.001661472	0.001966396	0.001973376	0.001496039	0.001537081	0.001949679	0.002199305	0.002000798	0.001886108	0.001893426	0.001870417	0.002008752	0.002	0.002	0.002	0.002	0.002	0.002	0.002
179	0	0	0	0	0	0	0	0	0	0	0	0	0	0	0	0	0	0	0	0	0	0	0	0	0	0	0	0	0	0	0	0	0	0	0	0	0	0	0	0	0	0	0	0	0	0	0	0	0	0	0
180	0	0	0	0	0	0	0	0	0	0	0	0	0	0	0	0	0	0	0	0	0	0	0	0	0	0	0	0	0	0	0	0	0	0	0	0	0	0	0	0	0	0	0	0	0	0	0	0	0	0	0
181	0	0	0	0	0	0	0	0	0	0	0	0	0	0	0	0	0	0	0	0	0	0	0	0	0	0	0	0	0	0	0	0	0	0	0	0	0	0	0	0	0	0	0	0	0	0	0	0	0	0	0
182	0	0	0	0	0	0	0	0	0	0	0	0	0	0	0	0	0	0	0	0	0	0	0	0	0	0	0	0	0	0	0	0	0	0	0	0	0	0.003494154	0.003273972	0.00324512	0.003308035	0.0032473	0.003220865	0.003181867	0.003269515	0.003473114	0.003743238	0.003976876	0	0	0
183	0.000418734	0.000415459	0.000408527	0.000423227	0.000425478	0.000397128	0.000397867	0.000388538	0.000389756	0.000337334	0.000349908	0.000341633	0.000328097	0.000315845	0.000316028	0.000333564	0.000357036	0.000349779	0.000343602	0.000354336	0.00035033	0.000334363	0.000359504	0.000344747	0.000349747	0.00034183	0.000368119	0.000370649	0.000371457	0.000372264	0.000360666	0.000358364	0.000357672	0.000366001	0.000340266	0.000341468	0.000341127	0.000336218	0.000352714	0.000357969	0.000360306	0.000368628	0.000374706	0.000375381	0.000381457	0.000388313	0.000414986	0.000432625	0.000462261	0.000426492	0.00043
184	0	0	0	0	0	0	0	0	0	0	0	0	0	0	0	0	0	0	0	0	0	0	0	0	0	0	0	0	0	0	0	0	0	0	0	0	0	0	0	0.000505543	0.000529976	0.000589094	0.000650104	0.00061414	0.000639692	0.000645232	0.000691501	0.000719402	0.000773256	0.000749568	0.00075
185	0	0	0	0	0	0	0	0	0	0	0	0	0	0	0	0	0	0	0	0	0	0	0	0	0.002716132	0.002925351	0.001535627	0.002156402	0.00223026	0.001600206	0.002895004	0.002666122	0.003866315	0.004910576	0.003496359	0.004566093	0.004751893	0.005194599	0.005995529	0.004779354	0.004084951	0.004133515	0.003921544	0.003685228	0.00384802	0.004780115	0.004653481	0.006030234	0.005758926	0.004826761	0.0048
186	0	0	0	0	0	0	0	0	0	0	0	0	0	0	0	0	0	0	0	0	0	0	0	0	0	0	0	0	0	0	0	0	0	0	0	0	0	0	0	0	0.000148687	0	0	0	0	0	0	0	0	0	0
187	0	0	0	0	0	0	0	0	0	0	0	0	0	0	0	0	0	0	0	0	0	0	0	0	0	0	0	0	0	0	0	0	0	0	0	0	0	0	0	0	0.009747732	0	0	0	0	0	0	0	0	0	0
188	0	0	0	0	0	0	0	0	0	0	0	0	0	0	0	0	0	0	0	0	0	0	0	0	0	0	0	0	0	0	0	0	0	0.00197575	0.002372802	0.002344653	0.002562122	0.002754223	0.002933203	0.002941396	0.003005658	0.003169539	0.003343622	0.003400873	0.003555842	0.003785969	0.004001766	0.004277783	0.004532622	0.004763085	0.0048
189	0	0	0	0	0	0	0	0	0	0	0	0	0	0	0	0	0	0	0	0	0	0	0	0	0	0	0	0	0	0	0.004501137	0.004074691	0.003928345	0.004405474	0.00455959	0.004934086	0.005078265	0.005207361	0.005341686	0.005693525	0.005750852	0.005887876	0.006026969	0.006215017	0.006373026	0.00652953	0.006707706	0.007138593	0.007264729	0.0074	0.0074
190	0	0	0	0	0	0	0	0	0	0	0	0	0	0	0	0	0	0	0	0	0	0	0	0	0	0	0	0	0	0	0	0	0	0	0	0	0	0	0	0	0.001089577	0	0	0	0	0	0	0	0	0	0
191	0	0	0	0	0	0	0	0	0	0	0	0	0	0	0	0	0	0	0	0	0	0	0	0	0	0	0	0	0	0	0	0	0	0	0	0	0	0	0	0	0	0	0	0	0	0	0	0	0	0	0
192	0.001141063	0.001135948	0.001141128	0.001183254	0.001247123	0.001280949	0.001307049	0.001331733	0.001394155	0.001453737	0.001509357	0.001539065	0.00156232	0.001636087	0.001676769	0.001693147	0.001677059	0.001622104	0.001609088	0.001609056	0.001704316	0.001782884	0.001773983	0.00178109	0.001817223	0.001713277	0.001678058	0.001706094	0.001759533	0.001769253	0.001779248	0.001727955	0.001661401	0.001651291	0.001677608	0.001739518	0.001783145	0.001810223	0.001813354	0.001817607	0.001865112	0.001902108	0.001934358	0.001961489	0.002056305	0.00215535	0.002307699	0.002408609	0.002441652	0.002344392	0.0023
193	0.002322119	0.002552628	0.002749082	0.003027953	0.003124498	0.003301992	0.003503749	0.003676443	0.003855998	0.004088778	0.004231128	0.004398755	0.004711784	0.005023563	0.005221928	0.005257694	0.005491002	0.005512708	0.005504648	0.005523664	0.005591829	0.005498834	0.005471049	0.005468097	0.005437331	0.005544194	0.005717716	0.006045032	0.006328295	0.006659391	0.006879527	0.007061806	0.0071955	0.00703798	0.007092746	0.007193373	0.00733795	0.007553206	0.007888851	0.008262412	0.008603527	0.008801492	0.008925591	0.009052867	0.009297804	0.009562683	0.00980968	0.010060157	0.00990188	0.009395284	0.0094
194	0	0	0	0	0	0	0	0	0	0	0	0	0	0	0	0	0	0	0	0	0	0	0	0	0	0	0	0	0	0	0	0	0	0	0	0	0	0	0	0	0	0	0	0	0	0	0	0	0	0	0
195	0.000291781	0.000274113	0.000276889	0.000265964	0.000260566	0.000271145	0.000232123	0.000215725	0.000211031	0.000196114	0.00020352	0.00021479	0.00019338	0.000184139	0.000219758	0.000249516	0.000285816	0.000319501	0.00030062	0.000270978	0.000272062	0.000290258	0.000313729	0.000317665	0.000303334	0.000272011	0.000235888	0.000228182	0.000234797	0.000238558	0.000246369	0.000255466	0.000263705	0.00027353	0.000275457	0.000269176	0.000271583	0.00027973	0.000284657	0.000288772	0.000270988	0.000291568	0.000291316	0.000284087	0.000316173	0.000328589	0.000357534	0.000358832	0.000348723	0.00036	0.00036
196	0	0	0	0	0	0	0	0	0	0	0	0	0	0	0	0	0	0	0	0	0	0	0	0	0	0	0	0	0	0	0	0	0	0	0	0	0	0	0	0	0.001213714	0	0	0	0	0	0	0	0	0	0
197	0	0	0	0	0	0	0	0	0	0	0	0	0	0	0	0	0	0	0	0	0	0	0	0	0	0	0	0	0	0	0	0	0	0	0	0	0	0	0	0	0	0	0	0	0	0	0	0	0	0	0
198	0	0	0	0	0	0	0	0	0	0	0	0	0	0	0	0	0	0	0	0	0.001028329	0.000915123	0.000990847	0.000961918	0.000937904	0.000816382	0.000647297	0.000632149	0.000513333	0.000529763	0.000638647	0.000650254	0.00067621	0.00074068	0.000635388	0.000779977	0.000860765	0.000848112	0.000887092	0.000912667	0.001059693	0.001167852	0.00133142	0.001341523	0.001320948	0.001400023	0.001447766	0.001127983	0.001254301	0.00128274	0.0013
199	0.007113316	0.007445742	0.007644199	0.007929946	0.008190663	0.008256349	0.008348924	0.008467642	0.008742299	0.00906005	0.009242357	0.009203756	0.009482659	0.009695858	0.009991577	0.010238985	0.01062496	0.010482859	0.010380897	0.010607539	0.01048398	0.01041696	0.010505076	0.010282812	0.010458179	0.010775403	0.011315014	0.011879762	0.012129296	0.012200453	0.01206228	0.012102943	0.01184736	0.011337552	0.011521533	0.011610126	0.011798387	0.01213346	0.012536805	0.01304081	0.013718827	0.013776305	0.014074592	0.014317727	0.014629992	0.014944124	0.015265166	0.015729861	0.01565087	0.015472822	0.015
200	0.011196101	0.01174513	0.012249555	0.012582155	0.012923354	0.013051898	0.013249294	0.013471592	0.013850812	0.014476358	0.014694104	0.01528651	0.016000798	0.016353331	0.0162234	0.015734893	0.015906385	0.016391569	0.016782012	0.017012407	0.017442151	0.017569123	0.017544649	0.017672517	0.01785216	0.018117618	0.0185048	0.018930264	0.01919453	0.019525526	0.019661843	0.019802918	0.019664868	0.019358633	0.019389201	0.019366833	0.019465882	0.019668707	0.020038532	0.020430852	0.020826037	0.021166196	0.021030549	0.021058039	0.021228254	0.021443892	0.021668703	0.022061084	0.022270961	0.022415383	0.022
201	0	0	0	0	0	0	0	0	0	0	0	0	0	0	0	0.000638115	0.000671887	0.000702202	0.000740071	0.000703281	0.000751488	0.000784987	0.000711067	0.000665015	0.000575496	0.000675164	0.000576526	0.000704583	0.000795535	0.00070427	0.000746217	0.000723639	0.000819198	0.000806273	0.000733803	0.000769416	0.000837437	0.000811839	0.000823395	0.000767226	0.000741656	0.000731397	0.000722265	0.00075377	0.000805642	0.000883932	0.000917379	0.000947747	0.000978885	0.000994239	0.00099
203	0	0	0	0	0	0	0	0	0	0	0	0	0	0	0	0	0	0	0	0	0	0	0	0	0	0	0	0	0	0	0.000473434	0.000402698	0.000234735	0.000148993	9.29e-05	0.000110267	7.68e-05	0.000100881	0.000114017	0.000102188	0.000121442	0.000125727	0.000135532	0.000143315	0.00015081	0.000157935	0.000164652	0.000170963	0.00017687	0.000182398	0.00018
204	0.00027428	0.000274128	0.000285998	0.000291671	0.000299103	0.000309508	0.000320439	0.000343267	0.00036756	0.000376062	0.000380519	0.000377257	0.000390779	0.000413999	0.000423468	0.000435594	0.000458688	0.000484064	0.000503401	0.000528477	0.000545015	0.000544684	0.000544676	0.000573426	0.000586681	0.00058387	0.000594198	0.000635492	0.000680996	0.000746769	0.000831571	0.000865031	0.000928125	0.000993965	0.001058417	0.001129802	0.001185748	0.001161766	0.001021714	0.001058602	0.001104798	0.001138567	0.001186529	0.001248174	0.001310662	0.001356897	0.001388107	0.001402192	0.00143097	0.001407179	0.0014
205	0	0	0	0	0	0	0	0	0	0	0	0	0	0	0	0	0	0	0	0	0	0	0	0	0	0	0	0	0	0	0.001166779	0.001068305	0.000952912	0.001034737	0.001122445	0.00107642	0.001102599	0.001130829	0.001162529	0.001198411	0.001327305	0.001169421	0.001311397	0.001288195	0.001388694	0.001465595	0.001551588	0.001701991	0.001833399	0.001719057	0.0017
206	0	0	0	0	0	0	0	0	0	0	0	0	0	0	0	0	0	0	0	0	0	0	0	0	0	0	0	0	0	0	0	0	0	0	0	0	0	0	0	0.000336168	0.000433087	0	0	0	0	0	0	0	0	0	0
207	0.000176694	0.00019398	0.000194841	0.000205641	0.000193436	0.000201416	0.00023332	0.000251375	0.000258837	0.000267113	0.000264255	0.000147533	0.000155581	0.000168729	0.000182843	0.000135642	0.000202319	0.000196677	0.000174145	0.000186597	0.000194338	0.000206424	0.000214297	0.000193059	0.000213721	0.000244776	0.000216793	0.000199927	0.000230233	0.000227828	0.000213132	0.00022298	0.00022944	0.000172713	0.000179922	0.000192505	0.000238537	0.000248984	0.000250777	0.000246337	0.000232997	0.000212829	0.000221455	0.000212065	0.000210563	0.000203348	0.00021	0.00022	0.00023	0.00024	0.00024
208	0	0	0	0	0	0	0	0	0	0	0	0	0	0	0	0	0	0	0	0	0	0	0	0	0	0	0	0	0	0	0	0	0	0	0	0	0	0	0	0	0	0	0	0	0	0	0	0	0	0	0
209	0	0	0	0	0	0	0	0	0	0	0	0	0	0	0	0	0	0	0	0	0	0	0	0	0	0	0	0	0	0	0	0	0	0	0	0	0	0	0	0	0.0017523	0	0	0	0	0	0	0	0	0	0
210	0.002178825	0.002434494	0.002400241	0.002746837	0.002906172	0.002757237	0.00277164	0.002982919	0.002977201	0.003299126	0.003014944	0.002865939	0.003276947	0.003178545	0.003313784	0.003571035	0.004108592	0.004521046	0.004987761	0.005460687	0.00554623	0.005691495	0.006098368	0.005387012	0.004442575	0.00414058	0.004150415	0.003455557	0.003448317	0.003078382	0.002924096	0.003220717	0.003163832	0.002929653	0.002427687	0.002384163	0.002538113	0.002365265	0.002559304	0.003274325	0.003586264	0.003403838	0.00421906	0.003867903	0.005628168	0.006297209	0.0063	0.0063	0.0063	0.0063	0.0063
211	0	0.000387628	0.000357368	0.000381206	0.000376214	0.000396689	0.000385504	0.00037161	0.000369936	0.000399835	0.000451549	0.000472117	0.000528552	0.000594322	0.000603284	0.000683562	0.000692537	0.000737628	0.000758786	0.000783905	0.000860954	0.000898416	0.000897272	0.000912268	0.000940843	0.000937474	0.000930575	0.000922214	0.000915628	0.000882046	0.000941584	0.000935265	0.000981432	0.000996941	0.001011753	0.001027482	0.001058536	0.001092985	0.001141714	0.001195546	0.001249429	0.001308059	0.001349592	0.001407205	0.001471277	0.001531075	0.00159417	0.001657698	0.001718434	0.00186003	0.0019
212	0	0	0	0	0	0	0	0	0	0	0	0	0	0	0	0	0	0	0	0	0	0	0	0	0	0	0	0.002176988	0.002165015	0.002105684	0.002340415	0.002343866	0.0023793	0.002535273	0.002359095	0.002449184	0.002611857	0.002783246	0.002754645	0.002712903	0.002827868	0.002602763	0.002688159	0.00292196	0.003200062	0.003406764	0.003519537	0.003666554	0.003609924	0.003486514	0.0035
213	0	0	0	0	0	0	0	0	0	0	0	0	0	0	0	0	0	0	0	0	0	0	0	0	0	0	0	0	0	0	0	0	0	0	0	0	0	0	0	0	0.000235385	0	0	0	0	0	0	0	0	0	0
214	0	0	0	0	0	0	0	0	0	0	0	0	0	0	0	0	0	0	0	0	0	0	0	0	0	0	0	0	0	0	0	0	0	0	0	0	0	0	0	0	0	0	0	0	0	0	0	0	0	0	0
215	0	0	0	0	0	0	0	0	0	0	0	0	0	0	0	0	0	0	0	0	0	0	0	0	0	0	0	0	0	0	0	0	0	0	0	0	0	0	0	0	0	0	0	0	0	0	0	0	0	0	0
216	0	0	0	0	0	0	0	0	0	0	0	0	0	0	0	0	0	0	0	0	0	0	0.000154639	0.000162243	0.000152474	0.000142508	0.000138251	0.000136856	0.000143157	0.000147246	0.000149789	0.000151623	0.000150375	0.000155751	0.000158352	0.000176843	0.000183407	0.000182563	0.000189344	0.000198599	0.000196341	0.000194601	0.000204119	0.000204753	0.000203061	0.000207312	2.25e-05	0.000238742	0.000233673	0.000253415	0.00025
217	0	0	0	0	0	0	0	0	0	0	0	0	0	0	0	0	0	0	0	0	0	0	0	0	0	0	0	0	0	0	0.000654327	0.000592764	0.000538184	0.000399167	0.000364977	0.000360536	0.00032929	0.000331191	0.000339951	0.000336251	0.000347568	0.000382419	0.000420837	0.000476588	0.000538704	0.000647648	0.000755989	0.000891263	0.000991355	0.000855872	0.00086
218	0	0	0	0	0	0	0	0	0	0	0	0	0	0	0	0	0	0	0	0	0	0	0	0	0	0	0	0	0	0	0	0	0	0.008573872	0.008481171	0.008946836	0.009055208	0.009171634	0.008834225	0.00902967	0.009474993	0.012717648	0.013786339	0.013129785	0.01338996	0.014	0.015	0.016	0.017	0.018	0.018
219	0.006249771	0.006343992	0.006442238	0.006662341	0.006813026	0.006866771	0.006943338	0.007072606	0.007235654	0.007250306	0.007322199	0.007527533	0.007990006	0.008417221	0.00826394	0.0082036	0.00822439	0.008182905	0.008626395	0.009036615	0.009018791	0.00905173	0.009166674	0.009576085	0.009790887	0.010172685	0.010828942	0.011417424	0.012290281	0.012689437	0.012776763	0.01254337	0.012560198	0.012885807	0.013232995	0.013449605	0.013947138	0.014444005	0.015026298	0.015757457	0.016441245	0.016881611	0.017406048	0.017846046	0.018313214	0.018615314	0.018833172	0.019138675	0.019125311	0.018423985	0.018
220	0	0	0	0	0	0	0	0	0	0	0	0	0	0	0	0	0	0	0	0	0	0	0	0	0	0	0	0	0	0	0.000201228	0.00019848	0.000192144	0.000189149	0.000186085	0.000188285	0.000196182	0.000207721	0.000231346	0.000235617	0.000233566	0.000234844	0.000241737	0.000241792	0.000249807	0.000270254	0.000284028	0.000292566	0.000298172	0.000299464	3e-04
221	0	0	0	0	0	0	0	0	0	0	0.011627105	0.011995411	0.012651719	0.013175695	0.012938058	0.013111844	0.013729417	0.014180509	0.014673728	0.014885248	0.014691048	0.014778215	0.014845121	0.015552828	0.016223748	0.016894544	0.017389268	0.01772497	0.018229896	0.018527405	0.018680321	0.018486571	0.018899881	0.019349697	0.019855426	0.020148348	0.020596569	0.021091628	0.02192477	0.022846213	0.023729685	0.024107837	0.024497243	0.024938268	0.025547143	0.026139638	0.026625711	0.026990871	0.026681512	0.026131527	0.026
222	0	0	0	0	0	0	0	0	0	0	0	0	0	0	0	0	0	0	0	0	0	0	0	0	0	0	0	0	0	0	0	0	0	0	0	0	0	0	0	0	0	0	0	0	0	0	0	0	0	0	0
223	0.003412	0.003271457	0.003396737	0.003208855	0.003370777	0.003078186	0.003232468	0.003124645	0.00306964	0.003299068	0.003488934	0.003470745	0.003514615	0.00354858	0.003452116	0.00354302	0.003401984	0.003355938	0.003435755	0.003579647	0.003861854	0.003941567	0.003537175	0.002987156	0.002896089	0.002908448	0.003251993	0.003742566	0.003704478	0.003708393	0.003550622	0.0037033	0.004205762	0.004417012	0.004774264	0.004565774	0.004908057	0.00515902	0.005473557	0.005361241	0.005257725	0.005143451	0.004274789	0.004364575	0.004829407	0.004984182	0.005265038	0.005630867	0.006082064	0.006150587	0.0062
224	0	0	0	0	0	0	0	0	0	0	0	0	0	0	0	0	0	0	0	0	0	0	0	0	0	0	0	0	0	0	0	0	0	0	0	0	0	0	0	0	0.000343996	0	0	0	0	0	0	0	0	0	0
225	0	0	0	0	0	0	0	0	0	0	0	0	0	0	0	0	0	0	0	0	0	0	0	0	0	0	0	0	0	0	0	0	0	0	0	0	0	0	0	0	0.001022359	0	0	0	0	0	0	0	0	0	0
226	0	0	0	0	0	0	0	0	0	0	0	0	0	0	0.001801029	0.002342802	0.00261684	0.002832213	0.002964114	0.002885041	0.003052827	0.003101919	0.003114462	0.002965926	0.002836564	0.00276886	0.0027755	0.002810046	0.002874753	0.002634672	0.002643713	0.00278708	0.00294997	0.002887624	0.00269957	0.002667598	0.002497551	0.002513052	0.002508819	0.002418424	0.002483737	0.0025835	0.002356004	0.002215038	0.002512008	0.002856182	0.003310701	0.003863401	0.00406869	0.00379514	0.0038
227	0	0	0	0	0	0	0	0	0	0	0	0	0	0	0	0	0	0	0	0	0	0	0	0	0	0	0	0	0	0	0	0	0	0	0.000211207	0.000222462	0.000238698	0.000248905	0.000256205	0.000259119	0.000263357	0.000271333	0.000288065	0.000307006	0.000324539	0.000343749	0.000367944	0.000402921	0.000435565	0.000446621	0.00045
229	0	0	0	0	0	0	0	0	0	0	0	0	0	0	0	0	0	0	0	0	0	0	0	0	0	0	0	0	0	0	0	0	0	0	0	0	0	0	0	0	0	0	0	0	0	0	0	0	0	0	0
230	0	0	0	0	0	0	0	0	0	0	0	0	0	0	0	0	0	0	0	0	0	0	0	0	0	0	0	0	0	0	0.00033092	0.000389362	0.000360812	0.000396086	0.000341938	0.000389461	0.000347214	0.000353755	0.000380513	0.000333819	0.000320461	0.000345983	0.00034254	0.000334095	0.00034	0.00035	0.00036	0.00037	0.00038	0.00039	0.00039
231	0.000417369	0.00041433	0.000404858	0.000396819	0.00040163	0.000451365	0.000575632	0.000613577	0.000595694	0.00052339	0.000464618	0.000422799	0.00042159	0.000376342	0.000411493	0.000448746	0.000411303	0.000362963	0.000355277	0.000380117	0.000379304	0.00041989	0.000377918	0.00035239	0.000355377	0.00036807	0.000355278	0.000414842	0.000424932	0.000339782	0.00028809	0.000229659	0.000287004	0.000219153	0.000174689	0.000198376	0.000224815	0.000220054	0.000221292	0.000249505	0.000270373	0.000285437	0.000249158	0.000256187	0.000251885	0.00024811	0.000239747	0.000237177	0.00025	0.00026	0.00026
232	0	0	0	0	0	0	0	0	0	0	0	0	0	0	0	0	0	0	0	0	0	0	0	0	0	0	0	0	0	0	0	0	0	0	0	0	0	0	0	0	0.000317637	0	0	0	0	0	0	0	0	0	0
233	0.003188092	0.003402411	0.003617326	0.003920656	0.004017648	0.004116051	0.004377722	0.00466706	0.004873859	0.00515913	0.005510886	0.005675219	0.005815227	0.00611828	0.00627029	0.006238645	0.006485316	0.006645603	0.00678441	0.007237275	0.00766025	0.007755062	0.007806362	0.007764126	0.007984729	0.008203675	0.008535681	0.008839068	0.009198998	0.009569706	0.009762885	0.010022528	0.010177866	0.009851629	0.010000087	0.01015229	0.010255857	0.010599465	0.010980414	0.011264477	0.011512431	0.011554053	0.01152069	0.011565583	0.011584661	0.011648347	0.011726648	0.011788846	0.011640032	0.011386702	0.011
234	0.000594532	0.000612601	0.000622435	0.000622837	0.000635944	0.000650605	0.000656556	0.000645301	0.000638309	0.000662249	0.00066752	0.000691026	0.000709658	0.000753192	0.000801527	0.000778322	0.000803996	0.000865585	0.000933566	0.001010567	0.001111571	0.001139611	0.00114779	0.001154021	0.001195989	0.001167377	0.001020985	0.001012036	0.001098356	0.001209279	0.001315699	0.001396601	0.001424075	0.001475169	0.001573451	0.001712921	0.001784443	0.001814643	0.001588799	0.001595627	0.001763247	0.001778587	0.001810994	0.001921112	0.002071841	0.002220037	0.002329048	0.00252957	0.002698356	0.002671761	0.0027
235	0.000594532	0.000612601	0.000622435	0.000622837	0.000635944	0.000650605	0.000656556	0.000645301	0.000638309	0.000662249	0.00066752	0.000691026	0.000709658	0.000753192	0.000801527	0.000778322	0.000803996	0.000865585	0.000933566	0.001010567	0.001111571	0.001139611	0.00114779	0.001154021	0.001195989	0.001167377	0.001020985	0.001012036	0.001098356	0.001209279	0.001315699	0.001396601	0.001424075	0.001475169	0.001573451	0.001712921	0.001784443	0.001814643	0.001588799	0.001595627	0.001763247	0.001778587	0.001810994	0.001921112	0.002071841	0.002220037	0.002329048	0.00252957	0.002698356	0.002671761	0.0027
236	0	0	0	0	0	0	0	0	0	0	0	0	0	0	0	0	0	0	0	0	0	0	0	0	0	0	0	0	0	0	0	0	0	0	0	0	0	0	0	0	0.00036628	0	0	0	0	0	0	0	0	0	0
237	0	0	0	0	0	0	0	0	0	0	0	0	0	0	0	0	0	0	0	0	0	0	0	0	0	0	0	0	0	0	0	0	0	0	0	0	0	0.003494154	0.003273972	0.00324512	0.003308035	0.0032473	0.003220865	0.003181867	0.003269515	0.003473114	0.003743238	0.003976876	0	0	0
238	0	0	0	0	0	0	0	0	0	0	0	0	0	0	0	0	0	0	0	0	0	0	0	0	0	0	0	0	0	0	0	0	0	0	0	0	0	0	0	0.000505543	0.000529976	0.000589094	0.000650104	0.00061414	0.000639692	0.000645232	0.000691501	0.000719402	0.000773256	0.000749568	0.00075
239	0	0	0	0	0	0	0	0	0	0	0	0	0	0	0	0	0	0	0	0	0	0	0	0	0	0	0	0	0	0	0	0	0	0	0	0	0	0	0	0.000505543	0.000529976	0.000589094	0.000650104	0.00061414	0.000639692	0.000645232	0.000691501	0.000719402	0.000773256	0.000749568	0.00075
240	0.000291781	0.000274113	0.000276889	0.000265964	0.000260566	0.000271145	0.000232123	0.000215725	0.000211031	0.000196114	0.00020352	0.00021479	0.00019338	0.000184139	0.000219758	0.000249516	0.000285816	0.000319501	0.00030062	0.000270978	0.000272062	0.000290258	0.000313729	0.000317665	0.000303334	0.000272011	0.000235888	0.000228182	0.000234797	0.000238558	0.000246369	0.000255466	0.000263705	0.00027353	0.000275457	0.000269176	0.000271583	0.00027973	0.000284657	0.000288772	0.000270988	0.000291568	0.000291316	0.000284087	0.000316173	0.000328589	0.000357534	0.000358832	0.000348723	0.00036	0.00036
255	0	0	0	0	0	0	0	0	0	0	0	0	0	0	0	0	0	0	0	0	0	0	0	0	0	0	0	0	0	0	0	0	0	0	0	0	0	0	0	0	0.000317637	0	0	0	0	0	0	0	0	0	0
